282 127 212 131 291 183 209 190 293 238 208 239 267 235 230 234 264 316 230 311 255 392 234 385 
268 124 203 130 276 154 196 182 249 121 195 236 255 233 219 233 253 314 222 312 250 388 232 384 
265 123 201 130 274 153 193 181 245 116 192 237 253 232 216 232 251 314 221 313 250 388 231 384 
266 123 200 130 273 156 194 182 246 118 191 236 253 231 216 231 249 314 221 313 249 388 230 383 
268 123 202 130 275 159 193 182 251 118 192 236 254 231 218 231 251 314 221 313 250 388 230 383 
269 123 202 130 276 158 195 182 254 117 194 236 254 231 218 231 251 314 222 313 249 388 230 383 
270 123 203 130 277 166 197 184 258 127 195 237 255 231 218 231 251 314 222 313 250 387 230 383 
270 123 203 130 283 175 199 184 258 136 199 237 255 230 219 231 252 314 222 314 250 387 230 383 
271 124 203 130 286 176 200 186 260 186 200 237 255 230 221 231 252 314 222 314 250 387 230 383 
272 125 204 130 288 176 201 186 260 193 200 238 256 230 222 231 252 313 223 314 250 387 230 384 
272 125 204 130 288 175 201 186 268 217 200 238 257 230 222 231 252 313 223 314 250 387 230 383 
274 125 204 130 286 180 203 187 276 235 201 238 259 232 223 233 253 313 223 314 250 387 230 384 
275 125 205 130 285 179 203 187 279 235 201 238 261 233 225 234 254 313 223 314 250 387 230 384 
275 125 205 130 284 179 203 187 282 238 201 237 261 233 225 234 254 313 223 314 250 387 230 383 
276 125 206 130 284 179 203 186 281 237 201 237 262 233 225 234 254 314 223 313 250 387 230 382 
276 125 206 130 284 179 203 186 279 237 201 238 262 234 224 234 254 314 223 313 250 387 230 382 
276 125 206 130 283 179 204 186 278 238 201 238 262 234 224 234 255 314 224 313 250 387 230 382 
276 125 207 130 283 179 204 186 278 238 201 238 262 234 224 234 255 314 224 312 250 387 230 382 
276 126 207 130 283 182 204 186 278 241 201 239 262 235 224 234 255 315 224 312 250 387 230 382 
276 126 207 130 282 181 204 186 278 239 201 239 261 235 223 234 254 315 224 312 250 388 230 382 
276 126 207 130 281 181 204 186 277 238 201 239 261 235 223 234 254 315 224 312 250 388 230 382 
276 126 207 130 280 182 204 187 277 240 201 239 261 235 223 235 254 315 223 312 250 387 230 382 
276 126 207 130 280 182 204 186 277 239 201 239 261 235 223 235 254 315 223 312 250 388 230 382 
275 126 207 130 280 182 203 186 277 239 201 239 260 236 222 235 254 316 223 313 250 388 230 382 
275 126 206 130 280 181 203 186 276 239 201 239 260 236 222 235 254 316 223 313 250 387 230 382 
275 126 206 130 280 181 203 186 276 239 201 240 259 236 222 235 254 316 223 313 250 387 230 382 
275 126 206 130 280 181 202 186 275 239 201 240 259 236 221 235 254 316 223 313 250 387 230 382 
274 126 206 130 279 181 202 186 275 238 200 240 259 236 221 234 253 316 223 313 250 387 230 382 
274 126 205 130 279 179 201 186 275 238 200 240 258 235 221 234 253 316 223 313 251 387 230 382 
274 126 205 130 279 179 201 186 275 238 200 240 258 235 221 234 253 315 223 313 251 387 230 382 
274 126 205 130 279 179 200 187 275 238 200 240 258 235 221 234 253 315 223 312 251 387 230 381 
273 125 205 130 279 179 201 187 274 238 200 240 258 235 221 234 252 315 223 312 251 387 230 382 
274 125 206 130 280 180 201 186 275 239 200 240 259 235 221 234 253 314 223 312 250 386 230 381 
277 126 209 130 284 180 205 188 277 239 202 239 262 235 223 234 255 313 224 311 250 385 231 381 
279 126 211 131 285 182 207 189 280 241 204 240 264 237 226 236 258 315 227 311 251 385 232 380 
281 127 213 131 286 186 209 190 282 244 206 240 266 236 228 234 259 314 229 307 251 387 231 385 
281 127 213 131 287 185 211 191 283 243 207 240 267 236 229 234 260 315 229 307 251 388 228 388 
281 127 213 131 286 185 211 192 283 244 207 241 266 236 228 233 260 315 228 306 251 389 225 390 
281 127 212 132 286 186 212 193 282 244 207 243 266 235 228 232 259 314 227 305 251 390 222 392 
279 127 207 134 282 187 210 196 281 244 206 246 265 236 225 233 259 316 222 307 251 390 217 396 
274 127 202 134 280 186 204 195 279 244 199 245 261 236 220 234 257 319 215 314 251 391 214 400 
268 124 193 132 275 186 196 193 275 244 190 245 252 236 210 233 251 319 209 317 251 389 211 402 
261 122 184 129 268 186 183 194 266 244 176 248 243 236 202 234 247 316 203 322 250 379 209 402 
256 117 179 124 265 184 173 189 261 241 167 247 239 235 197 234 239 315 201 322 242 382 210 403 
253 115 175 122 263 180 168 185 258 235 159 244 237 234 195 234 234 318 199 324 236 401 210 406 
251 115 172 122 261 180 164 185 258 236 156 244 236 234 193 235 233 321 196 324 234 412 211 409 
251 115 172 121 258 180 165 185 258 236 159 245 235 234 193 235 233 323 195 325 232 413 212 409 
251 115 173 119 257 180 165 185 258 237 160 245 235 234 192 235 234 324 195 325 232 414 212 409 
252 115 173 118 259 179 166 184 260 237 162 245 236 234 193 235 232 327 196 327 232 417 213 409 
253 115 174 118 261 181 169 185 261 242 165 249 237 238 195 238 234 335 198 332 233 423 213 409 
260 112 175 114 264 180 170 185 263 243 166 249 242 239 196 238 234 335 198 332 234 422 212 404 
268 110 179 113 273 180 173 184 268 245 168 248 247 239 199 237 241 336 197 331 234 424 212 403 
272 108 186 110 280 176 178 181 274 245 176 243 252 239 204 236 245 336 198 330 234 423 211 408 
276 107 189 108 282 177 181 179 278 245 183 240 252 239 205 236 245 336 198 330 234 423 207 416 
278 107 191 107 283 177 183 178 280 246 185 239 254 239 207 236 246 337 199 330 234 424 207 419 
278 107 192 105 283 177 184 178 281 246 184 239 254 238 207 236 246 336 200 330 234 423 207 420 
277 106 191 104 282 177 185 178 281 246 183 239 253 238 207 235 246 336 200 330 234 424 206 421 
277 106 191 105 281 177 185 178 281 246 183 240 253 238 207 235 246 337 200 331 234 424 205 421 
276 106 191 104 281 177 185 177 280 246 183 240 253 238 206 235 245 338 200 332 234 425 206 420 
276 106 191 104 281 177 184 176 280 246 182 240 253 237 206 234 244 337 200 332 234 425 206 420 
276 105 190 104 281 176 184 177 280 246 182 240 253 237 206 234 244 338 200 332 234 425 206 420 
276 105 190 105 281 176 184 177 280 246 182 240 253 237 206 234 244 338 200 332 234 425 205 420 
276 105 190 105 281 176 184 177 280 246 182 241 253 237 206 234 244 338 200 332 234 425 205 420 
277 105 190 105 281 177 185 177 281 246 182 241 253 237 206 235 244 339 200 333 233 425 205 420 
278 105 192 105 284 176 185 177 283 245 181 241 253 236 206 233 245 338 200 329 233 425 204 417 
280 106 195 105 287 168 186 171 283 242 179 231 253 236 207 229 245 338 193 290 233 425 203 369 
283 106 197 105 288 169 186 167 283 242 174 229 253 230 207 220 244 333 195 220 230 425 201 327 
284 106 199 105 289 171 188 168 285 243 179 229 253 228 212 215 245 330 196 169 230 425 191 267 
284 106 199 105 289 172 190 169 286 243 182 231 257 225 219 218 245 320 215 220 230 421 193 266 
285 106 199 105 289 172 191 169 287 243 185 231 258 221 219 213 247 315 212 159 230 420 200 259 
286 106 199 106 289 172 192 169 287 243 188 231 258 222 219 216 247 318 212 160 230 420 196 261 
286 106 200 106 289 171 192 170 288 243 192 229 259 224 219 216 247 320 207 163 230 420 192 264 
286 105 200 106 289 172 192 170 289 242 191 228 258 224 219 216 247 320 199 163 230 420 192 264 
286 105 200 106 290 172 192 170 289 242 190 227 258 225 218 215 247 321 195 163 230 420 192 263 
286 105 200 107 290 173 192 170 289 242 189 227 258 225 218 214 247 321 191 165 229 420 192 267 
287 106 200 107 290 175 191 171 289 242 186 228 257 226 218 214 247 322 189 166 229 420 193 268 
286 106 200 107 290 175 191 171 289 242 187 228 256 226 217 214 247 323 188 169 229 421 194 272 
286 105 200 107 290 174 191 171 289 242 187 229 256 226 217 214 247 324 188 175 229 422 197 274 
286 105 200 109 290 174 192 176 289 242 185 234 256 227 216 215 245 324 196 176 229 422 200 282 
286 106 200 109 291 176 189 180 289 242 170 236 256 227 215 215 244 323 201 183 229 422 202 307 
287 109 200 109 290 178 186 179 289 244 157 235 256 227 215 216 245 324 201 188 229 423 188 298 
287 110 201 112 290 173 185 180 282 232 158 230 256 228 215 216 244 325 180 181 229 422 168 249 
287 112 202 113 290 173 185 183 282 241 142 231 256 229 218 215 244 325 182 128 229 421 165 217 
287 113 202 111 293 170 186 183 279 174 140 231 258 229 220 215 245 325 201 137 229 422 242 236 
288 117 205 116 293 175 185 182 287 236 136 229 258 229 222 215 247 325 198 142 229 421 234 236 
289 118 207 116 293 178 184 180 291 243 134 226 258 228 222 214 247 325 196 147 230 421 223 234 
289 118 207 116 293 180 181 179 293 245 135 224 257 229 221 213 247 325 196 159 230 422 180 230 
289 117 206 115 293 181 178 178 292 244 136 225 257 229 221 214 247 324 193 160 230 421 187 235 
288 117 206 115 293 181 178 177 292 245 139 225 255 229 218 213 244 325 181 164 229 421 144 239 
286 116 204 115 292 182 177 177 293 244 143 229 253 230 213 213 241 325 182 172 228 421 154 245 
285 115 201 115 292 181 181 178 296 245 162 233 253 230 213 218 240 325 207 217 227 421 158 265 
283 109 198 115 292 176 185 179 297 245 173 236 253 230 213 218 240 324 203 208 227 421 171 265 
281 108 195 115 292 175 186 183 297 243 173 238 253 227 213 216 242 323 201 193 228 421 196 286 
280 108 194 115 290 175 187 184 293 244 174 239 253 226 213 216 243 322 202 187 228 421 202 290 
281 108 194 115 290 176 188 186 292 244 173 241 254 227 213 217 245 322 203 187 228 421 206 295 
281 108 194 115 290 178 188 186 292 244 174 242 254 226 212 217 246 322 204 186 229 421 206 294 
281 108 194 115 289 179 189 187 292 245 173 243 254 227 212 217 248 324 203 186 229 421 207 293 
281 108 194 115 289 180 189 186 291 245 173 242 254 226 211 216 248 323 203 185 229 421 206 292 
281 109 194 114 288 180 189 186 290 246 174 241 253 226 211 216 247 323 203 193 229 421 208 297 
282 110 195 113 288 182 190 186 289 247 175 241 253 226 210 215 247 322 202 193 229 421 208 299 
282 110 195 112 288 182 191 185 289 247 176 241 253 226 210 215 247 322 202 193 229 421 208 300 
282 110 195 112 287 182 192 185 289 248 176 242 253 226 210 215 247 325 202 192 229 421 209 300 
283 110 196 111 287 182 192 185 289 248 178 242 253 226 210 215 248 325 203 194 229 422 210 301 
284 110 197 111 287 182 193 184 289 248 179 243 255 227 212 215 249 326 203 194 231 422 212 303 
284 110 198 111 287 182 193 184 289 248 180 243 257 227 214 215 249 327 204 194 231 422 215 304 
285 110 198 110 287 181 194 184 289 247 181 243 257 227 215 215 249 326 205 194 231 422 217 305 
285 110 199 110 288 180 194 182 289 247 182 240 257 227 215 215 249 326 206 194 231 422 217 304 
286 110 199 110 290 180 193 182 290 247 180 240 257 227 215 216 248 326 205 195 231 422 216 306 
287 110 199 110 294 180 190 182 289 246 176 240 257 227 215 216 249 324 206 195 231 422 216 305 
287 105 199 109 313 156 167 167 324 192 124 211 257 228 215 216 247 326 201 195 231 422 214 305 
288 104 198 109 329 143 152 158 347 162 98 180 257 232 215 218 246 333 200 195 231 424 214 304 
288 103 198 110 331 137 148 154 351 153 94 171 257 233 214 219 246 335 198 196 231 424 214 305 
289 103 197 109 332 125 143 142 358 133 89 146 256 233 214 219 246 334 198 199 230 424 212 305 
289 100 195 107 336 109 139 123 373 116 87 124 256 233 213 219 245 334 197 199 230 424 212 305 
288 99 195 104 342 100 138 111 386 103 84 107 256 233 213 219 245 334 196 200 230 424 211 306 
288 97 195 102 348 95 138 106 396 92 80 97 256 232 212 219 245 333 196 200 230 424 211 307 
289 97 195 101 353 95 134 106 409 90 73 96 257 232 212 219 245 335 197 200 230 424 212 308 
289 96 195 102 356 96 132 107 416 92 70 98 257 232 213 219 245 334 198 199 230 425 212 308 
289 96 194 102 356 96 131 106 419 93 70 99 259 232 214 219 245 332 200 198 230 425 213 305 
289 96 194 100 357 96 132 105 421 94 69 98 260 232 214 218 246 330 201 197 231 424 214 305 
289 96 194 100 359 96 133 105 421 94 70 97 260 231 215 218 247 329 204 197 231 424 216 305 
289 96 194 100 359 96 132 106 420 94 69 97 260 231 215 218 248 329 204 197 231 424 216 305 
289 96 193 100 359 96 129 107 419 95 68 98 260 231 215 218 248 330 205 197 232 425 216 304 
289 96 193 100 360 97 128 107 419 96 67 97 260 231 215 218 249 330 206 197 232 425 216 303 
289 96 193 101 360 98 128 107 421 96 67 98 260 231 215 218 249 330 206 197 232 425 216 303 
289 96 193 100 359 99 129 106 419 98 68 98 259 231 214 218 249 330 206 197 232 425 216 303 
289 96 193 100 359 100 130 106 419 99 68 97 259 231 213 218 249 330 206 197 232 424 215 303 
289 96 192 100 359 100 129 106 418 99 68 97 258 232 212 218 249 330 205 197 232 424 214 303 
289 96 192 101 359 100 129 106 417 100 67 97 258 232 212 218 248 332 204 197 232 424 213 303 
289 96 191 101 358 100 128 106 417 100 67 98 258 232 212 219 248 332 204 198 232 424 213 304 
289 97 191 101 358 101 128 106 416 100 67 98 257 232 211 220 248 333 203 198 232 424 213 306 
289 97 190 100 358 101 128 106 416 100 66 98 257 232 210 220 247 333 203 198 232 424 213 307 
288 97 190 100 358 101 127 106 416 101 66 98 256 232 210 220 247 334 204 198 232 424 213 308 
288 98 190 101 358 102 127 106 416 101 66 98 256 233 210 220 247 334 204 198 232 424 213 309 
287 98 189 100 356 102 127 106 415 101 67 98 256 233 209 220 247 335 202 199 231 424 213 309 
287 98 189 100 356 103 127 106 414 101 67 98 256 233 209 220 246 336 202 200 231 424 213 310 
286 98 188 100 354 104 127 107 412 101 67 98 255 233 209 220 246 335 200 201 231 424 213 310 
285 98 188 100 353 104 128 107 410 101 67 98 255 234 209 221 246 335 200 201 231 423 213 310 
285 99 188 101 353 104 128 108 409 101 67 98 255 234 209 221 245 336 200 201 231 424 213 311 
285 99 188 102 353 104 128 109 408 101 67 99 255 234 209 221 245 336 200 202 231 424 213 311 
285 99 188 102 353 105 128 109 408 101 68 99 255 234 209 221 245 337 200 202 231 425 213 312 
285 99 189 102 353 106 129 109 408 102 68 99 255 234 209 221 245 336 200 202 231 425 212 311 
285 98 189 102 353 106 129 109 408 102 69 99 255 234 209 221 245 335 199 202 231 424 212 311 
285 98 189 102 353 108 129 109 408 103 69 99 255 234 209 221 245 334 198 203 231 424 211 312 
285 99 189 102 353 109 129 109 409 104 69 99 255 234 209 221 245 333 198 204 231 424 210 312 
285 99 190 102 353 110 129 110 409 105 70 99 255 234 209 221 245 330 196 205 231 423 208 312 
285 99 190 102 353 110 129 110 409 105 70 100 255 234 209 221 245 330 195 205 231 423 207 312 
286 99 190 102 353 111 129 110 409 106 71 100 255 233 209 221 245 331 193 206 231 423 205 312 
286 99 190 103 353 111 130 111 409 106 71 100 255 233 209 221 245 329 193 206 231 422 205 312 
286 99 190 103 353 112 130 111 409 107 71 100 255 233 209 221 245 331 193 206 231 422 205 311 
286 99 191 103 353 112 130 112 409 107 72 102 255 233 210 221 245 331 195 205 231 422 205 310 
286 99 191 103 353 112 130 112 410 107 72 102 255 234 210 221 245 334 199 202 231 423 205 309 
286 100 191 103 353 113 131 112 410 108 72 102 255 234 210 220 245 334 201 200 231 424 205 309 
287 100 192 103 353 112 131 112 410 108 72 102 256 233 210 219 245 331 202 199 231 423 205 309 
287 100 192 103 353 112 131 112 411 108 72 103 256 233 210 219 245 331 204 199 231 423 206 308 
287 100 192 104 354 112 131 112 411 108 73 103 256 233 210 219 245 331 204 199 231 423 209 310 
287 99 192 104 354 112 132 112 411 108 73 103 256 233 211 219 245 331 204 199 231 424 210 310 
288 99 193 104 354 112 133 112 412 108 73 105 257 232 211 219 245 331 205 199 231 424 211 311 
288 99 193 104 354 112 133 113 412 108 73 107 257 232 212 218 246 331 206 199 231 424 211 311 
288 98 193 103 355 112 133 113 412 108 73 108 258 231 212 218 247 329 206 198 231 424 212 310 
288 98 193 103 355 112 133 113 412 109 73 108 258 229 212 217 247 327 208 198 231 423 212 310 
288 98 194 103 355 112 133 114 412 110 73 109 258 229 212 217 247 327 208 198 231 423 213 309 
288 98 194 103 355 112 134 114 411 111 73 109 258 229 212 217 247 327 208 198 231 423 213 309 
288 98 194 103 354 112 134 115 410 112 73 110 258 229 213 217 247 327 208 198 231 423 213 310 
288 98 194 104 354 112 134 116 409 113 73 112 258 229 213 217 247 327 208 198 231 423 214 312 
288 98 194 104 354 112 134 117 409 114 73 113 258 229 212 217 247 327 208 199 231 423 214 313 
288 98 194 104 354 112 135 118 409 114 74 114 258 229 212 217 247 327 208 199 231 423 214 313 
289 98 194 104 354 113 135 119 409 116 74 114 258 229 212 217 247 327 208 199 231 423 214 313 
288 98 194 104 354 113 135 118 409 116 74 114 258 229 212 217 247 327 208 200 231 423 214 313 
289 98 193 104 354 113 134 118 409 115 73 114 258 231 212 217 246 328 208 201 231 424 214 313 
289 98 193 104 354 113 133 118 409 115 73 114 257 232 211 218 246 328 208 202 231 424 214 316 
288 98 193 104 353 113 133 118 408 115 73 114 257 232 211 218 246 328 207 204 231 424 214 317 
288 98 193 104 353 113 133 118 408 115 73 114 256 232 210 219 245 329 206 205 231 424 213 317 
288 98 193 104 353 112 133 118 408 115 73 114 256 232 210 219 245 330 206 205 231 424 212 318 
288 98 193 104 353 112 132 118 408 114 72 113 256 233 210 220 244 333 206 205 231 425 212 317 
287 98 192 104 353 112 132 115 409 112 72 110 256 233 210 220 244 333 206 205 231 426 213 317 
287 98 192 104 353 111 132 113 409 109 71 108 256 233 210 220 244 333 206 205 231 426 214 319 
287 98 193 103 353 110 132 112 409 108 71 107 256 233 210 220 244 333 206 207 231 427 215 321 
287 98 193 103 353 110 132 112 409 108 71 106 256 233 210 220 244 333 206 207 231 427 214 321 
287 97 193 103 353 110 132 111 409 108 72 106 256 233 210 220 244 333 206 207 231 427 213 321 
287 97 193 102 353 110 132 111 409 107 72 106 256 233 210 219 244 331 205 207 231 426 213 321 
287 97 193 102 354 110 132 111 411 107 72 106 256 233 210 219 244 331 204 206 231 425 213 320 
288 97 194 102 354 110 133 111 411 107 72 106 256 232 210 219 244 331 203 207 231 425 211 320 
288 97 194 102 354 110 133 112 411 107 72 106 256 232 209 219 243 330 202 207 231 425 209 319 
288 96 194 102 355 110 134 112 412 107 72 107 256 232 209 219 243 330 201 207 231 425 206 319 
289 96 195 102 355 110 135 112 412 107 72 107 256 231 209 218 243 324 201 206 231 423 204 317 
290 96 195 102 356 110 135 111 413 107 73 107 256 230 209 217 243 324 201 206 231 423 203 316 
290 96 195 102 356 110 135 111 413 107 74 106 256 230 209 217 243 326 202 205 230 423 203 316 
290 96 195 102 357 110 135 111 414 107 74 106 256 230 209 217 243 327 202 205 230 423 203 316 
291 96 195 101 357 110 135 111 414 107 74 106 256 230 209 217 243 327 202 205 230 423 203 316 
291 96 195 101 357 110 135 111 414 107 74 105 257 230 210 217 244 325 202 204 231 422 203 316 
291 96 195 101 357 110 135 111 414 107 74 105 257 230 210 216 244 325 202 204 231 422 203 315 
292 96 195 101 358 111 135 111 414 107 74 105 257 230 210 216 243 326 202 203 231 422 203 314 
292 96 196 101 358 112 135 111 415 108 74 105 257 230 210 216 242 325 202 203 231 422 204 314 
292 96 196 101 358 112 136 111 416 109 74 105 257 230 210 216 242 325 203 202 230 422 204 314 
293 97 196 101 359 113 136 111 417 110 75 105 257 230 210 216 242 327 202 202 230 422 204 315 
294 97 196 101 359 114 136 111 417 113 75 105 257 230 211 216 242 324 202 203 231 421 204 315 
294 97 197 101 359 114 136 111 417 115 75 105 257 229 211 216 242 323 202 203 231 421 204 315 
294 97 197 100 359 114 136 111 417 115 75 104 257 229 211 216 242 323 202 203 231 421 205 315 
294 97 197 100 359 115 137 111 417 116 76 104 257 229 211 216 242 323 202 205 231 421 205 317 
294 97 197 100 359 116 137 111 417 117 76 104 257 229 211 216 242 323 201 205 231 421 205 316 
294 98 197 100 359 117 137 111 415 119 75 104 257 230 211 216 242 324 202 205 231 422 205 316 
294 98 197 100 359 118 137 111 415 120 75 103 256 230 210 216 243 325 202 206 231 422 205 318 
294 98 197 100 359 119 137 111 414 122 75 103 256 230 210 216 243 326 202 206 232 423 205 319 
294 98 197 100 359 119 137 111 414 122 75 103 256 230 210 216 243 326 202 207 232 423 204 320 
295 98 197 100 359 119 137 111 414 122 75 103 256 231 210 217 243 327 202 208 232 423 204 321 
294 98 197 100 359 119 137 111 414 122 75 103 256 232 210 217 244 330 202 211 232 423 204 322 
294 98 197 100 359 119 137 109 414 122 76 101 256 231 210 217 245 329 203 210 232 423 204 322 
294 98 197 99 359 119 137 107 414 123 76 99 257 231 210 216 248 329 205 210 232 423 205 323 
293 107 197 103 359 123 138 107 415 126 77 97 257 234 210 220 248 328 206 224 231 425 207 336 
292 125 196 120 357 141 136 121 415 142 77 100 256 247 210 234 247 339 209 245 231 425 208 351 
286 130 194 126 352 139 133 123 407 139 77 100 256 252 209 241 247 343 210 259 231 425 205 362 
280 107 190 105 340 102 128 91 392 83 79 61 256 238 208 234 247 334 209 275 231 425 201 366 
275 60 182 65 331 58 120 52 376 33 75 15 255 199 207 200 249 298 201 287 238 392 203 383 
266 69 179 68 324 66 118 54 369 45 75 13 253 201 205 206 246 261 200 320 250 308 215 415 
261 78 177 77 322 71 116 58 368 53 76 16 249 207 204 207 237 269 200 332 259 281 220 422 
260 98 175 99 319 76 117 60 373 67 84 36 246 212 203 226 238 184 200 341 253 277 223 423 
259 108 174 109 322 102 117 71 379 91 85 42 244 214 202 229 237 224 200 331 236 261 224 423 
259 106 173 103 326 107 113 62 383 109 70 25 240 208 199 226 235 209 203 325 233 214 226 424 
260 105 173 98 327 108 112 57 385 111 64 22 238 204 196 218 231 196 206 323 233 263 225 421 
260 104 172 94 328 108 110 55 386 110 61 19 237 203 195 216 231 188 207 324 234 269 226 420 
259 103 171 93 329 108 107 57 386 108 57 23 237 204 196 216 228 199 207 324 233 266 225 420 
259 100 171 93 328 107 108 61 386 106 56 26 238 200 196 215 226 191 207 323 229 260 225 419 
259 97 171 93 326 104 109 65 386 103 58 43 238 201 196 214 225 193 207 322 214 249 224 418 
259 96 170 93 326 102 107 72 386 102 56 51 238 200 195 213 225 192 205 323 214 261 224 419 
254 96 166 93 322 102 106 83 383 102 55 61 238 199 195 211 226 188 203 323 215 269 222 419 
251 97 163 96 318 100 103 97 382 96 49 73 238 200 194 210 225 188 191 322 215 276 213 419 
252 98 164 110 317 97 103 114 380 87 47 93 242 201 197 212 226 182 192 324 217 278 214 420 
253 97 166 113 318 92 110 122 380 81 49 108 247 200 202 212 230 178 202 323 224 277 218 421 
254 97 166 113 319 93 113 121 380 80 51 109 249 201 205 213 231 183 210 323 225 279 219 421 
254 97 168 110 320 94 112 116 380 81 51 104 249 201 205 213 232 181 211 321 225 285 219 423 
254 97 169 109 320 95 113 115 380 85 52 104 250 201 205 213 232 184 212 319 225 291 219 422 
257 96 171 109 324 97 114 112 385 89 52 100 250 201 205 213 232 188 212 317 224 290 219 422 
258 96 172 105 326 97 114 111 388 92 52 96 250 201 206 213 234 222 214 315 224 293 220 422 
260 95 174 104 328 99 114 109 390 97 53 94 251 198 208 210 236 221 215 313 225 293 221 422 
262 95 178 103 331 102 116 107 393 100 56 92 252 198 211 208 236 226 219 311 239 276 222 421 
263 96 179 99 333 107 117 101 394 106 59 87 251 198 210 207 236 232 219 311 236 297 223 421 
265 97 180 96 333 112 120 95 394 114 61 83 251 201 210 209 236 252 219 311 235 313 223 421 
266 99 182 94 333 117 122 89 394 122 63 73 251 204 210 210 236 268 219 311 234 322 223 421 
270 102 183 92 335 124 122 80 393 127 64 63 251 205 210 212 238 242 218 315 247 314 227 421 
272 107 185 93 336 129 126 81 395 136 72 60 252 210 212 219 240 235 218 322 244 320 230 423 
273 108 187 93 335 136 129 81 395 148 77 60 252 214 212 221 242 273 218 324 247 340 230 424 
274 109 188 91 336 137 128 72 394 145 79 44 252 218 212 223 245 294 220 324 253 357 230 424 
275 110 189 91 338 137 128 66 396 138 83 32 252 219 210 223 246 298 221 324 249 354 231 424 
276 109 191 89 341 133 128 61 397 138 80 24 251 220 207 223 246 300 221 325 247 347 231 424 
277 108 190 88 344 132 127 60 402 136 78 26 251 219 207 222 248 292 221 324 246 349 232 423 
278 108 191 88 346 132 127 63 404 141 78 32 250 221 206 222 248 302 223 324 246 345 233 422 
278 108 191 88 345 135 127 63 403 152 77 30 248 220 205 222 247 294 223 324 245 327 233 422 
279 108 192 88 345 137 127 61 402 155 79 24 248 220 205 222 248 300 223 325 252 325 233 422 
279 109 192 87 345 138 127 58 402 154 79 22 248 219 205 222 248 297 222 326 254 323 233 422 
279 108 192 87 345 137 126 59 403 150 79 24 248 220 205 222 249 304 221 325 252 323 232 422 
279 108 190 87 345 135 125 63 403 148 77 35 247 219 205 222 247 264 219 325 253 315 232 423 
278 106 188 88 346 127 125 74 403 141 72 50 249 213 206 221 243 215 219 325 253 293 232 424 
277 105 185 90 346 121 124 83 403 133 67 63 250 210 206 221 243 220 218 326 256 284 232 424 
274 103 181 91 343 119 121 88 402 132 63 70 250 207 206 219 239 212 218 326 254 284 233 424 
271 101 177 92 340 118 119 92 400 130 58 77 251 202 206 215 239 201 217 323 262 277 233 423 
269 99 176 93 338 114 117 94 396 125 56 82 251 201 206 214 241 194 216 323 260 282 232 423 
268 99 174 95 337 112 114 97 396 121 54 87 251 202 206 214 242 195 216 323 260 283 232 423 
266 98 174 96 336 110 114 99 396 118 53 91 251 203 206 214 243 208 216 323 259 285 232 422 
265 96 174 97 336 110 113 101 396 119 53 92 251 205 206 217 243 211 215 324 258 289 232 422 
265 95 174 99 336 109 113 102 396 119 53 93 251 206 206 219 242 204 214 325 254 282 232 422 
265 95 173 99 336 109 112 102 395 119 53 94 251 204 206 218 242 202 214 324 255 273 232 421 
265 95 173 99 336 108 112 103 395 117 53 96 251 201 206 217 242 205 214 324 255 273 233 421 
266 95 174 99 336 108 113 102 395 117 53 96 251 200 206 214 239 206 214 321 255 277 233 422 
266 95 173 99 336 108 112 102 397 118 53 95 251 201 205 214 239 208 214 322 248 288 233 422 
266 95 174 99 336 110 112 102 397 120 53 95 251 201 204 214 242 221 214 322 254 281 233 422 
266 95 174 99 336 113 113 102 397 122 54 94 251 202 204 214 242 201 214 322 252 280 233 423 
266 96 174 99 336 115 113 102 397 123 54 94 251 202 204 214 242 197 214 322 252 283 234 423 
266 97 174 99 336 115 112 102 398 123 53 93 251 201 204 214 243 201 214 322 251 279 234 423 
266 98 174 99 336 115 112 102 398 123 53 93 251 204 204 218 245 197 215 324 255 277 234 423 
266 99 175 99 336 113 112 102 398 119 54 92 251 209 205 221 244 203 215 326 255 288 234 426 
266 99 176 98 336 112 112 102 398 117 54 92 251 211 206 224 244 214 215 326 255 296 234 425 
266 99 176 98 336 112 112 102 398 117 53 92 251 213 206 225 243 216 216 329 257 298 235 426 
267 100 176 98 336 112 112 102 399 117 54 91 251 214 207 225 243 216 217 330 258 296 235 425 
267 100 176 97 336 112 112 101 399 118 54 90 251 213 207 225 246 244 217 330 258 305 234 425 
267 100 176 97 336 112 112 99 398 118 54 88 252 213 207 224 246 235 217 329 258 309 234 425 
266 100 176 96 335 112 112 99 396 119 54 87 252 213 207 224 245 232 217 331 245 318 234 426 
266 100 176 95 335 112 112 98 395 119 54 87 251 213 207 224 245 230 215 331 240 316 234 426 
266 100 175 94 335 112 111 98 395 119 53 87 250 213 206 223 244 227 215 331 238 313 234 426 
265 100 175 94 335 112 112 98 395 119 53 87 249 213 205 223 244 226 215 331 236 313 233 426 
265 100 175 94 334 112 112 97 394 119 53 87 250 213 206 222 243 225 215 330 244 314 233 426 
265 100 176 94 334 112 112 97 394 119 53 87 250 212 206 222 246 248 215 328 237 319 233 425 
265 100 176 95 334 111 112 97 394 119 52 87 250 210 206 220 245 226 215 328 246 311 233 425 
265 99 176 95 335 110 112 97 394 117 51 87 250 208 206 217 245 224 215 328 239 314 232 425 
265 97 176 95 335 110 112 99 394 117 52 90 250 207 206 217 243 222 215 327 238 314 232 425 
265 97 176 95 334 109 112 100 394 117 52 91 250 207 206 217 241 225 215 327 237 314 232 424 
264 96 176 95 334 109 113 100 394 117 52 91 250 206 206 216 240 221 215 326 242 310 232 424 
264 96 176 95 334 109 114 100 394 117 53 91 250 204 207 214 237 223 216 324 235 292 233 423 
263 95 176 95 334 108 115 99 394 117 53 91 250 205 207 214 237 250 216 324 232 309 232 423 
263 95 176 95 334 108 115 98 394 117 53 90 250 205 207 214 238 245 216 324 231 290 233 423 
263 94 176 95 334 108 115 98 394 118 53 89 249 204 206 213 238 254 214 322 231 313 232 423 
263 94 176 94 334 108 115 98 395 119 53 89 249 204 206 213 237 234 215 322 231 313 233 423 
263 94 175 94 334 109 114 98 395 120 53 89 249 203 206 213 237 226 215 322 231 315 233 423 
263 94 175 94 334 109 113 98 395 120 52 89 249 204 205 213 237 219 215 322 231 314 233 423 
263 94 173 94 334 109 111 98 395 120 50 89 249 204 205 213 237 218 215 322 234 315 233 423 
263 94 173 94 334 109 111 98 395 120 50 89 249 204 205 213 237 220 215 323 235 314 233 423 
263 94 173 94 334 109 111 98 396 120 50 89 249 204 205 213 238 221 215 323 235 314 233 423 
263 94 173 94 334 109 110 98 396 120 50 89 249 206 205 215 238 222 215 325 236 314 233 423 
263 94 173 94 335 110 110 98 396 120 51 89 249 206 205 215 239 222 215 325 236 315 233 423 
263 94 173 94 335 110 110 98 396 120 50 88 249 206 205 215 239 219 215 325 237 314 233 423 
263 94 173 94 335 110 110 98 396 120 50 88 249 207 205 216 240 220 215 325 237 313 233 423 
263 95 173 94 335 110 110 98 396 120 50 88 249 209 205 219 240 221 215 326 237 313 233 423 
264 95 173 94 336 111 110 98 397 120 51 88 249 209 205 218 240 218 214 326 236 309 233 423 
264 95 173 95 336 111 110 99 397 121 51 89 249 209 204 218 240 206 213 325 235 308 233 423 
264 95 173 95 336 112 110 99 397 121 51 89 248 210 203 219 237 217 213 326 235 308 233 422 
265 95 174 95 336 112 112 99 397 121 52 90 248 212 204 219 237 293 212 329 246 300 233 420 
265 95 175 96 336 113 113 99 398 122 53 91 248 213 204 220 235 286 212 333 250 291 233 420 
266 95 176 96 337 114 114 99 400 122 54 91 249 216 205 222 234 293 212 338 254 292 233 420 
267 96 176 96 337 114 114 100 400 122 55 91 249 217 205 222 233 290 212 337 254 295 233 420 
268 97 177 97 338 114 114 100 401 119 58 89 249 218 205 224 234 288 212 338 252 296 232 420 
269 97 177 96 339 114 115 100 403 117 58 88 250 218 205 223 234 274 212 337 252 296 232 420 
269 97 178 96 339 114 115 100 402 117 58 88 250 215 205 222 235 262 213 332 252 302 231 420 
269 98 178 97 339 114 114 101 402 117 58 87 251 213 205 222 235 256 213 330 248 314 231 420 
269 97 179 97 338 116 115 103 401 121 59 92 252 207 205 218 241 236 213 325 252 323 229 419 
269 97 179 98 337 121 115 108 398 128 59 101 252 211 205 220 236 275 212 325 251 351 229 420 
270 96 179 99 332 126 116 118 390 138 59 114 252 215 205 223 244 280 210 325 249 384 229 420 
270 95 180 100 325 130 122 131 380 152 61 136 253 216 205 221 246 305 210 324 252 402 229 421 
270 93 183 100 319 134 131 143 367 166 75 160 254 218 206 221 252 323 213 324 254 419 230 424 
270 91 185 100 315 137 144 154 353 182 94 189 258 227 209 225 258 334 214 326 254 428 230 427 
273 91 188 101 308 149 158 164 335 200 122 214 261 231 211 229 263 335 218 329 253 426 230 428 
276 92 192 101 301 162 174 172 310 226 153 233 263 235 213 231 262 336 219 332 253 425 231 428 
279 95 194 101 295 170 184 173 297 243 181 238 265 237 215 234 264 336 221 334 253 425 232 428 
281 95 198 101 290 167 192 176 292 241 197 242 268 236 220 233 265 336 221 335 253 426 232 428 
284 96 200 101 291 170 197 177 293 243 194 242 270 237 223 234 267 336 222 335 253 425 233 428 
285 96 201 101 290 169 197 178 292 241 192 240 271 236 223 234 268 335 224 334 253 424 233 428 
288 98 202 101 292 170 196 177 293 241 188 241 271 237 223 234 268 333 226 334 253 423 234 428 
290 99 204 101 294 171 195 176 290 243 188 239 273 239 225 235 268 335 226 334 253 424 234 428 
292 99 205 101 297 172 191 173 290 239 182 233 273 239 226 236 268 337 226 335 253 423 234 428 
295 99 209 100 307 162 190 153 295 201 173 195 272 238 226 235 267 337 226 335 253 424 234 428 
294 97 210 97 320 138 178 133 300 116 158 124 273 235 226 232 267 336 226 333 253 425 235 428 
293 93 210 93 330 111 160 102 312 67 150 60 273 232 226 230 267 335 226 333 253 425 235 428 
292 93 211 92 329 93 162 86 316 39 151 34 272 230 226 228 267 335 226 332 253 425 235 428 
292 94 212 92 324 84 165 78 317 31 151 27 272 230 227 228 267 335 227 332 253 425 235 428 
291 95 213 92 324 81 166 81 316 31 152 30 272 230 227 228 268 334 227 332 254 426 235 428 
291 95 213 93 312 84 166 98 310 33 149 58 272 230 227 228 268 335 227 332 254 426 236 428 
290 94 214 94 301 83 177 116 304 36 150 119 272 230 227 228 268 333 228 332 254 426 236 428 
289 94 215 100 297 80 188 161 300 35 159 217 271 229 227 227 268 333 228 330 254 427 236 428 
285 93 218 102 292 83 204 169 296 38 183 221 270 229 228 227 267 333 228 330 254 427 236 428 
281 90 219 102 289 79 213 158 293 41 199 202 268 226 228 224 267 333 228 330 254 428 236 428 
279 88 219 101 288 82 216 154 292 41 205 196 268 226 228 224 266 333 228 330 254 427 236 428 
274 86 223 100 279 69 227 155 283 29 228 200 267 226 229 224 265 332 228 329 254 428 236 428 
271 84 225 97 278 46 235 153 273 39 230 195 267 226 230 224 265 332 228 329 254 428 236 428 
270 82 225 96 276 49 235 156 261 48 229 199 267 225 230 224 265 332 228 328 254 428 236 428 
272 81 224 95 280 46 231 156 271 32 227 191 267 225 230 224 265 332 228 328 253 428 236 429 
273 82 224 95 282 55 225 150 275 24 219 188 267 225 230 224 266 332 228 328 253 428 236 429 
275 82 222 95 283 82 211 141 281 45 194 163 267 225 229 223 266 332 228 329 253 428 236 429 
286 87 214 99 291 118 194 160 281 116 171 212 267 227 225 223 265 332 227 330 253 428 236 429 
292 96 209 100 295 157 193 170 285 219 174 232 266 230 220 225 260 333 222 330 252 428 236 429 
292 102 208 97 295 163 192 155 285 238 177 191 261 230 215 225 254 332 219 330 252 428 234 428 
290 102 209 94 294 168 194 123 276 217 182 104 260 230 214 225 255 333 218 332 251 428 233 428 
290 101 210 86 288 163 192 74 276 227 181 38 260 228 215 224 255 333 218 332 251 428 233 429 
288 100 210 86 285 153 193 66 271 204 183 20 260 226 216 224 259 333 219 335 251 428 233 430 
287 97 210 84 283 148 193 63 262 184 184 18 262 224 216 224 264 332 219 335 251 428 233 430 
285 95 211 84 282 147 193 63 261 183 183 18 263 224 217 224 266 331 219 335 251 428 233 430 
285 94 211 83 282 147 193 66 262 187 182 19 264 223 218 224 267 331 220 335 251 428 233 431 
285 94 211 83 284 152 190 64 263 187 180 20 264 224 218 224 268 331 220 335 251 428 233 431 
285 93 211 82 286 152 186 66 264 187 178 23 264 222 218 223 268 331 220 336 251 428 233 431 
284 93 210 82 290 153 184 66 277 200 173 25 264 221 218 222 268 331 220 336 251 428 232 431 
284 93 209 81 290 151 182 67 286 192 170 26 264 221 218 222 268 331 220 336 251 428 232 432 
283 92 208 81 290 149 182 71 289 189 167 30 261 221 215 221 265 330 220 334 251 428 232 432 
280 92 204 82 289 148 179 82 288 198 158 37 256 221 212 221 254 330 219 334 250 428 234 432 
277 93 201 85 283 148 180 106 286 209 162 85 254 220 210 221 246 328 219 333 250 429 234 431 
273 92 194 88 282 147 175 118 268 174 162 111 254 220 210 222 246 327 219 333 246 431 234 434 
272 92 190 90 282 147 172 133 265 139 152 164 255 220 210 222 249 333 218 336 243 436 234 434 
273 93 190 91 282 158 170 143 279 233 152 178 255 221 210 222 250 336 218 337 241 436 235 435 
273 94 189 94 282 157 168 166 281 229 151 232 256 227 209 225 251 341 218 338 242 438 233 432 
282 94 190 93 285 164 177 169 289 230 167 237 259 227 210 227 257 344 213 341 243 437 231 425 
285 84 190 90 289 127 187 152 288 119 193 202 259 227 209 227 257 344 202 340 243 437 222 417 
284 78 191 86 289 93 187 144 287 94 196 195 259 226 209 225 257 344 198 338 243 436 216 417 
277 74 192 82 286 95 194 137 288 54 221 184 259 226 208 224 257 344 197 338 243 438 196 434 
269 70 191 80 279 97 223 106 287 37 263 62 259 227 208 224 257 348 194 342 243 444 188 447 
263 69 186 80 272 99 210 127 282 36 232 130 258 227 205 225 256 348 194 344 242 444 191 449 
261 65 182 79 271 94 210 140 280 36 229 196 253 226 199 225 254 348 190 346 242 444 192 448 
258 66 178 79 269 95 205 143 279 37 223 195 251 226 197 225 253 349 189 348 241 446 192 450 
258 66 178 79 268 96 198 147 278 32 212 200 249 224 195 222 251 349 189 347 241 446 192 451 
258 68 178 79 268 96 193 147 278 33 198 201 248 225 194 223 251 349 188 348 241 445 192 451 
260 68 179 79 267 94 191 145 276 33 198 194 247 227 193 224 249 349 188 350 241 446 192 451 
260 69 179 78 268 92 191 143 274 33 203 188 247 227 194 224 248 349 188 350 239 445 193 451 
260 69 179 78 269 93 190 143 274 34 202 192 247 227 194 225 249 349 189 350 239 446 194 452 
261 69 179 77 271 94 187 144 274 39 200 202 248 227 195 225 249 349 189 349 239 446 194 451 
262 70 179 77 272 95 184 143 275 43 195 201 249 227 195 224 249 349 189 349 239 445 195 451 
265 68 179 77 278 83 178 140 278 64 185 204 249 229 196 225 250 349 190 349 239 445 195 451 
274 68 179 78 288 114 176 152 270 103 171 221 250 232 196 226 250 349 190 349 239 444 195 451 
276 73 179 81 289 136 169 168 290 185 152 237 250 234 196 229 250 351 189 349 239 444 195 451 
280 81 179 82 289 168 164 170 294 245 141 238 250 241 196 235 250 354 189 351 239 445 195 452 
282 82 179 81 289 161 156 167 291 238 132 232 251 240 196 234 251 356 189 352 239 445 194 453 
282 81 180 77 288 151 156 119 275 195 137 143 253 240 196 233 253 356 189 353 240 445 194 455 
282 81 183 73 287 141 164 102 274 203 146 87 255 232 198 229 254 349 190 353 240 444 194 454 
283 80 187 68 290 140 165 77 275 189 143 41 255 226 199 226 254 348 193 351 240 444 194 455 
284 80 190 67 289 137 166 72 275 194 146 33 257 224 201 224 254 348 193 352 241 445 194 455 
286 79 193 66 290 135 166 67 284 188 145 30 258 225 203 224 255 349 193 352 241 446 194 455 
286 79 195 66 293 133 166 68 287 189 144 28 258 225 203 224 256 349 193 352 242 447 195 455 
287 79 195 66 293 133 166 67 290 189 141 27 259 225 204 224 256 349 193 352 243 447 196 456 
288 78 195 66 294 133 165 67 291 196 137 27 260 225 204 224 257 350 194 352 244 448 197 456 
289 78 195 65 295 135 164 67 290 200 132 29 261 225 204 224 257 350 194 353 244 449 197 457 
290 78 195 65 296 136 162 68 290 205 129 31 261 225 204 224 257 351 194 353 245 449 197 458 
290 79 195 66 297 142 161 71 294 217 123 31 261 227 204 225 257 351 194 354 245 449 197 459 
290 79 193 66 297 148 157 72 296 231 120 36 262 229 205 227 258 352 194 356 245 449 197 459 
290 80 191 67 298 157 154 73 301 240 117 42 262 232 205 229 258 352 194 356 245 449 197 460 
285 79 186 68 297 153 148 77 300 227 112 50 260 231 202 229 257 353 193 356 245 450 197 460 
278 74 179 68 297 132 135 79 306 175 88 55 255 222 199 223 254 351 190 353 244 450 197 461 
268 71 168 69 297 108 112 81 325 129 51 70 252 223 196 224 249 348 187 353 244 446 196 459 
261 70 160 71 304 103 85 85 358 114 12 84 245 223 190 226 241 348 184 353 241 446 196 459 
260 69 156 71 309 100 82 89 369 112 4 88 244 225 188 229 239 348 183 355 237 446 194 458 
259 69 147 72 331 93 70 95 406 108 -17 100 239 227 183 230 232 349 181 357 233 452 194 458 
260 68 146 72 339 87 68 98 419 103 -13 108 238 229 181 232 230 352 179 357 231 459 193 459 
261 67 144 73 341 88 71 99 420 102 -8 109 239 232 180 233 230 352 179 358 229 462 193 460 
262 67 146 73 343 92 73 105 429 103 -4 111 240 234 181 236 232 356 179 359 229 462 193 460 
265 66 150 73 347 96 81 111 428 104 3 109 241 238 182 238 235 363 180 366 230 462 193 459 
271 66 155 71 340 97 83 120 408 92 12 110 246 236 185 235 239 363 180 365 230 461 193 456 
274 67 165 69 327 97 100 127 327 27 36 107 250 236 190 235 244 363 178 364 230 461 194 451 
284 65 170 67 341 123 112 130 347 71 66 94 251 236 190 232 245 365 179 364 230 465 192 457 
286 64 172 64 345 132 117 133 350 79 85 80 252 235 192 231 246 370 178 366 231 468 190 466 
285 63 172 63 342 136 118 137 333 80 96 81 252 235 192 231 247 373 178 369 230 470 190 471 
283 63 172 63 337 135 121 141 314 85 100 93 251 235 192 231 245 375 177 371 229 473 190 472 
281 62 171 63 306 131 133 140 311 119 112 132 251 232 188 229 245 373 176 372 229 473 190 475 
278 62 171 62 299 131 142 138 297 160 120 159 251 231 187 229 245 373 176 372 229 473 189 475 
273 61 170 62 288 131 142 141 289 199 118 208 249 230 183 229 244 373 176 372 229 473 188 475 
273 62 168 63 285 150 142 156 287 231 127 237 248 231 182 229 243 373 176 375 229 474 188 479 
273 64 164 64 281 156 145 161 286 238 131 242 248 236 181 234 244 374 176 377 231 474 188 479 
273 65 162 64 280 160 146 161 286 242 132 242 248 238 181 235 244 374 176 377 231 474 188 478 
272 65 161 64 278 156 145 161 284 240 133 241 248 238 181 236 244 375 176 378 231 474 188 478 
273 66 161 64 279 159 146 161 287 243 132 239 248 239 180 236 244 375 176 377 231 473 188 478 
274 67 161 64 280 161 146 162 289 244 135 238 249 241 180 238 245 375 177 378 231 473 188 477 
278 68 164 64 282 164 149 162 290 248 137 239 251 241 182 238 247 375 178 378 232 473 189 477 
281 68 168 65 283 162 153 161 291 246 140 240 255 242 186 238 249 375 180 377 232 472 189 474 
283 68 174 65 287 162 156 161 292 249 146 241 257 241 193 238 249 375 185 374 232 472 193 471 
286 68 176 65 288 162 158 160 291 246 146 239 258 241 194 237 249 375 186 373 233 472 194 474 
288 68 176 66 288 162 159 161 286 247 147 239 259 242 193 237 250 377 186 374 234 473 190 481 
287 68 175 67 288 167 159 163 284 253 146 243 259 245 193 240 251 379 184 378 234 475 189 486 
287 68 170 67 284 168 158 163 278 253 144 243 257 248 188 242 251 382 181 380 234 476 187 486 
277 67 164 67 280 167 151 161 276 252 137 240 251 247 183 241 247 382 177 380 233 477 184 486 
271 64 157 66 277 166 145 161 274 251 131 243 247 247 178 241 243 382 175 381 232 477 183 486 
261 59 146 64 270 160 131 161 271 252 114 245 231 246 167 241 231 384 169 381 229 480 182 488 
251 58 134 61 260 160 112 160 263 251 99 246 220 245 157 241 222 384 165 382 225 483 180 491 
243 55 127 61 252 154 107 161 258 247 93 249 219 241 157 240 216 384 161 383 221 487 178 490 
235 53 122 61 244 154 107 161 257 247 95 250 217 241 158 240 216 384 160 386 220 489 179 494 
233 54 121 60 241 156 108 161 255 247 99 252 214 240 157 240 213 384 161 386 218 490 179 493 
216 53 123 60 243 119 105 159 220 89 103 250 199 237 158 238 201 380 161 386 207 489 186 492 
218 53 119 58 236 127 105 159 220 102 104 250 203 234 152 238 206 380 161 388 211 490 186 492 
221 53 117 58 235 130 106 159 217 87 105 249 206 234 147 238 209 379 160 389 213 490 184 492 
206 49 119 58 233 108 124 154 205 70 121 230 197 233 153 237 198 382 165 388 205 495 190 492 
213 49 120 56 236 124 126 155 223 224 120 231 199 233 154 237 197 382 165 388 206 495 189 492 
214 46 122 53 233 141 129 157 240 238 116 236 190 232 158 234 195 382 165 388 207 498 190 491 
131 46 208 50 145 151 205 159 119 250 245 237 171 232 182 233 187 385 170 388 206 510 191 508 
214 46 134 50 222 151 125 157 248 246 133 245 203 232 163 234 205 385 164 390 218 506 184 505 
239 47 124 51 249 151 113 157 269 246 110 249 223 232 158 234 218 385 163 390 219 504 180 503 
248 48 126 51 260 153 112 154 275 248 108 249 229 233 158 234 225 386 163 390 220 500 179 497 
252 48 128 51 263 153 114 154 275 247 108 249 232 233 159 234 229 386 163 390 220 500 179 493 
255 48 130 50 266 153 116 150 275 249 111 247 234 235 159 234 229 387 163 390 220 501 179 490 
258 48 132 50 269 154 117 151 274 249 113 247 235 239 159 235 230 388 164 390 220 501 179 489 
261 48 137 50 272 154 118 151 275 250 114 247 237 241 160 236 230 389 164 390 220 493 179 488 
262 48 137 50 272 154 118 151 276 249 115 246 237 241 160 237 230 390 165 391 221 495 179 489 
261 48 139 50 275 148 120 147 275 247 116 239 237 241 160 236 231 389 166 390 221 494 179 488 
263 48 140 49 282 142 120 142 276 235 116 229 239 241 161 236 231 390 166 390 221 492 179 488 
264 47 143 47 291 128 119 130 286 190 105 196 240 239 164 235 233 390 166 391 222 494 179 488 
264 46 147 47 294 106 117 116 306 154 85 163 240 234 168 233 234 387 167 391 224 495 179 487 
264 44 148 47 292 89 116 105 318 124 71 139 239 232 168 232 235 387 167 391 225 498 179 489 
267 43 148 47 295 82 114 93 322 103 67 117 240 232 169 231 236 387 167 391 226 499 179 489 
267 43 148 47 298 78 109 91 327 102 64 111 240 232 169 231 236 386 167 391 226 495 180 488 
266 41 147 46 299 79 110 92 327 101 63 111 240 231 169 230 236 386 167 390 226 495 180 489 
268 41 147 45 300 82 110 92 329 104 64 112 241 229 169 228 236 386 167 390 226 495 180 489 
270 42 148 45 302 84 110 94 330 105 66 113 242 229 170 228 236 386 167 390 226 497 181 490 
272 42 150 45 302 85 110 96 329 106 69 115 245 230 172 228 237 387 167 391 226 501 181 499 
276 42 155 45 312 87 110 98 332 108 70 115 248 230 177 228 237 387 170 391 227 500 183 498 
278 42 156 44 313 89 110 100 332 107 71 115 250 230 181 228 238 388 171 391 227 501 185 503 
284 43 159 44 319 92 112 102 340 111 71 115 255 234 186 230 240 388 174 391 227 493 188 502 
289 43 164 44 323 93 117 102 345 113 76 117 259 235 190 230 244 388 175 389 228 487 190 490 
