242 156 171 159 254 212 167 215 220 211 165 268 226 259 188 258 229 341 193 340 224 414 201 408 
242 154 173 159 254 188 168 213 225 145 166 267 227 260 190 260 229 342 194 341 223 414 203 409 
243 152 175 158 254 186 169 212 225 144 167 267 227 260 191 259 228 342 195 340 223 414 203 409 
243 151 176 158 257 191 170 212 232 156 168 266 230 260 193 260 228 342 195 341 223 415 203 409 
244 151 177 157 259 193 171 212 235 160 170 265 231 260 194 260 228 342 196 341 222 415 203 409 
244 151 179 158 261 189 173 213 239 149 172 265 231 260 195 260 229 342 197 340 222 415 204 409 
245 151 179 158 262 189 174 213 242 149 173 265 232 260 196 260 229 342 197 340 223 415 204 409 
247 151 180 158 264 202 176 214 244 154 178 266 233 260 198 260 229 342 198 340 223 415 204 409 
249 152 181 158 265 204 177 215 242 222 179 268 234 260 198 260 230 342 199 341 223 415 205 409 
250 152 181 158 266 204 178 216 243 231 179 268 235 259 199 260 232 342 200 341 224 414 205 409 
250 152 182 158 266 203 178 216 248 238 178 268 235 260 199 260 232 342 200 341 224 414 205 409 
251 152 182 158 265 205 179 216 253 257 179 269 236 260 200 260 232 342 201 341 224 414 205 409 
252 153 183 158 263 209 179 216 259 268 179 268 238 260 201 260 232 342 201 340 224 414 206 409 
253 153 184 157 262 208 179 214 259 264 178 266 239 259 202 259 232 341 201 340 224 414 206 409 
253 153 184 157 262 208 179 213 258 265 178 266 238 259 201 259 234 341 201 340 224 414 206 409 
253 153 184 157 261 208 179 213 258 265 178 266 238 259 201 259 234 341 202 340 225 415 206 409 
254 153 184 157 261 207 179 213 257 265 178 266 238 259 201 259 234 341 202 340 225 415 206 409 
254 153 184 157 261 208 179 213 257 268 178 266 238 260 201 260 234 341 202 340 225 415 206 409 
254 153 184 157 261 208 180 213 257 268 179 267 238 261 201 260 234 341 202 340 224 414 206 408 
254 153 184 157 260 209 181 213 257 268 179 267 238 261 201 260 234 341 202 340 224 415 206 408 
254 154 184 157 259 211 181 214 257 268 179 267 238 261 201 260 233 341 202 340 224 414 206 408 
254 154 184 157 258 212 181 214 256 268 179 267 238 261 200 260 233 341 202 340 224 415 206 408 
254 154 184 157 258 212 181 214 256 268 179 267 237 261 200 260 233 342 202 340 223 414 205 408 
254 154 184 157 257 212 181 214 255 268 179 267 237 261 199 260 232 342 202 340 223 414 205 408 
254 155 183 157 256 212 181 214 254 267 178 267 236 261 199 260 232 342 202 340 223 414 205 409 
254 155 183 157 256 212 181 215 253 267 178 267 236 261 198 260 231 342 202 340 222 414 205 409 
253 154 183 157 255 211 181 214 252 267 178 267 235 261 198 260 230 342 202 340 222 415 205 409 
252 154 183 157 255 211 180 214 252 267 178 267 235 261 198 260 230 342 201 339 222 415 205 409 
251 154 182 157 254 211 180 214 251 267 178 268 235 260 197 259 230 342 201 339 222 415 205 409 
250 154 181 157 253 211 180 214 251 267 178 268 234 260 197 259 230 341 200 339 222 414 205 409 
250 154 181 157 254 210 180 214 251 267 177 268 234 260 197 259 230 341 200 339 222 414 205 409 
250 154 181 157 254 209 180 214 251 267 177 268 234 260 197 259 230 341 200 339 222 414 205 409 
252 154 182 157 256 210 180 214 253 267 177 267 235 260 198 259 231 341 200 339 222 414 205 409 
254 154 184 157 260 210 180 214 256 267 178 267 237 260 199 259 232 341 201 339 223 414 206 409 
256 155 186 158 262 210 183 216 258 270 180 267 239 262 202 260 236 341 205 339 224 414 207 408 
258 156 188 158 264 213 185 217 261 272 182 268 242 262 205 260 237 342 207 338 224 417 209 410 
259 156 189 158 265 213 187 219 262 272 184 270 242 262 206 259 237 342 209 335 224 417 209 413 
260 156 190 158 265 214 188 219 263 273 184 270 242 262 205 258 237 342 208 332 224 418 209 414 
260 156 189 160 265 217 187 222 263 275 184 273 243 262 205 258 235 343 208 332 223 418 209 418 
259 157 187 164 264 218 187 226 263 274 183 277 241 264 203 260 232 348 206 339 222 419 209 423 
257 157 182 163 261 219 182 226 262 274 177 279 238 265 199 263 231 348 200 344 222 418 204 428 
255 156 179 163 259 219 179 226 260 274 173 280 235 266 196 264 230 349 198 348 222 417 202 431 
248 150 171 157 256 215 168 220 255 271 161 276 231 265 190 264 230 348 190 352 222 409 199 431 
244 145 166 151 254 209 158 212 251 267 152 272 226 265 184 263 228 348 188 351 222 420 198 433 
242 143 165 149 253 206 158 209 249 262 151 269 226 264 184 263 228 350 188 354 222 427 199 433 
241 142 163 149 252 206 156 210 249 263 149 268 226 264 184 263 229 352 188 356 225 436 199 436 
241 142 163 147 251 206 155 210 250 265 149 269 227 264 183 263 230 352 188 355 228 441 199 436 
243 143 164 145 251 209 156 211 250 267 152 269 227 264 183 263 230 352 189 354 229 441 200 435 
245 143 166 144 251 209 158 211 253 271 154 272 227 264 184 263 231 355 189 357 230 444 201 434 
253 141 168 143 258 209 161 211 258 272 157 273 235 264 188 264 235 359 192 360 232 443 202 433 
263 139 176 140 269 208 167 209 265 273 163 272 243 264 195 263 239 359 194 361 234 444 202 429 
271 137 183 139 277 207 178 209 273 272 174 272 248 265 201 263 243 361 196 360 235 445 205 428 
277 136 189 136 282 206 183 205 278 272 183 268 253 266 206 263 245 362 198 360 236 446 205 437 
278 134 192 133 286 203 185 204 282 272 187 265 254 266 207 263 247 364 201 363 235 448 206 444 
279 134 193 132 285 201 186 204 282 271 187 266 256 266 208 263 247 364 204 363 235 450 206 446 
279 134 192 131 283 201 187 204 282 271 187 266 255 266 208 263 248 364 203 363 235 449 206 447 
278 133 193 130 284 198 188 204 281 270 185 266 255 266 208 263 248 365 203 363 234 450 205 447 
277 133 192 130 283 194 188 203 276 246 184 267 254 266 207 263 248 365 203 364 234 450 205 451 
277 132 191 131 283 195 186 203 277 255 183 267 254 266 207 263 248 365 203 364 234 450 205 450 
276 132 190 131 282 195 186 202 278 260 182 267 254 266 207 263 247 365 203 364 234 450 205 449 
277 132 190 131 282 196 186 203 278 263 182 267 254 266 207 264 247 365 203 363 234 452 205 452 
277 131 190 132 283 196 186 203 278 264 182 268 255 267 207 264 247 365 203 364 233 453 204 452 
277 131 190 132 283 196 187 203 279 265 182 268 255 267 208 264 247 366 203 364 233 455 204 453 
278 131 191 132 283 197 187 203 280 266 182 268 256 267 208 264 246 366 204 364 232 456 204 453 
279 131 194 132 286 193 188 203 280 227 182 267 256 267 209 261 247 366 204 357 232 456 204 438 
281 131 197 132 292 184 187 199 272 175 178 261 255 260 209 251 244 361 204 296 231 455 206 381 
282 131 198 132 294 184 187 199 272 170 173 261 255 259 209 249 244 360 204 282 229 454 207 366 
283 132 198 132 292 184 187 201 270 172 173 262 255 257 211 245 245 356 207 209 230 451 208 309 
284 132 200 132 292 186 188 201 267 188 175 261 255 254 214 243 245 350 207 181 230 446 208 280 
285 133 200 133 291 191 189 201 282 262 181 262 258 253 217 244 245 347 208 185 230 444 207 288 
285 133 200 133 291 193 190 200 287 267 189 260 258 253 218 245 245 345 208 182 229 444 207 281 
286 132 200 133 294 184 194 200 277 170 192 260 260 252 220 243 245 347 209 187 229 444 210 280 
286 132 200 134 294 187 195 201 280 244 194 263 260 251 220 244 246 344 210 198 230 443 210 287 
287 132 200 134 294 188 195 202 278 224 192 263 260 251 220 243 245 345 210 192 230 444 210 289 
287 132 200 135 293 192 195 203 282 258 191 263 259 251 219 244 245 346 210 197 230 444 210 292 
287 133 200 136 292 196 194 205 285 264 188 263 259 251 219 244 246 346 210 204 230 444 213 295 
286 133 199 136 291 198 194 205 285 264 181 264 258 252 218 244 246 347 210 208 230 444 213 302 
286 133 199 137 291 198 194 205 286 263 178 264 258 252 218 245 247 347 208 207 230 445 214 303 
286 133 199 138 291 199 192 207 285 264 171 265 258 252 218 245 246 350 212 210 229 446 217 319 
286 132 199 138 291 199 189 207 285 261 168 265 258 252 218 244 246 350 213 215 229 446 219 328 
286 135 201 138 302 196 186 206 279 212 151 260 258 252 218 244 245 350 214 207 229 446 218 300 
287 139 201 139 293 203 182 207 276 219 142 260 258 252 221 244 245 350 214 193 229 446 252 288 
287 140 202 139 290 206 180 207 273 215 140 260 258 253 221 244 245 351 215 175 229 446 258 278 
287 142 206 139 290 208 181 207 271 216 137 261 256 253 221 243 245 351 216 188 229 447 266 277 
287 145 206 140 290 207 179 206 269 205 133 260 257 253 221 243 246 352 231 193 230 447 268 284 
287 146 206 141 289 208 172 207 280 265 126 256 257 254 221 243 246 354 227 189 230 447 257 276 
287 146 206 142 289 211 171 207 285 274 127 254 258 254 221 241 246 354 227 191 230 447 256 279 
287 145 205 142 289 212 172 207 289 280 132 255 258 254 219 240 246 353 224 189 230 447 255 278 
286 145 204 142 288 211 173 207 289 276 135 258 258 252 219 239 245 350 220 190 230 447 252 278 
283 141 203 142 288 208 175 208 290 272 140 263 259 251 221 241 244 349 222 228 228 446 251 315 
282 140 199 142 290 207 179 209 296 271 152 266 260 253 221 250 244 348 231 287 228 446 231 306 
281 137 197 142 290 204 180 209 294 267 161 266 258 253 221 249 244 348 224 239 228 446 226 316 
280 137 195 142 289 204 184 210 289 266 168 266 258 253 220 248 245 350 220 235 228 446 224 320 
280 137 195 142 289 204 185 211 288 267 171 268 258 253 220 248 246 350 218 234 228 447 224 322 
280 136 194 142 289 204 185 210 288 266 170 268 258 253 220 247 246 350 217 232 229 446 225 323 
280 136 195 142 289 204 186 210 288 266 170 268 258 253 220 247 247 350 217 231 230 446 224 323 
280 136 195 142 288 204 186 210 287 266 170 268 258 253 220 247 247 351 217 228 230 446 225 324 
280 136 195 142 288 205 186 210 288 267 170 268 258 253 220 247 247 352 217 226 230 447 226 327 
280 136 195 142 288 204 186 210 285 267 170 268 258 253 219 246 248 352 216 223 230 447 225 329 
280 136 195 141 288 201 186 210 278 239 170 267 257 253 218 246 248 352 216 222 231 447 225 329 
281 136 195 141 289 197 186 209 277 222 170 266 257 253 218 246 248 352 216 222 231 447 225 330 
281 136 196 140 290 196 187 209 276 212 172 266 256 253 217 245 248 352 216 222 231 447 225 328 
282 136 197 140 290 196 188 209 277 244 174 267 256 253 218 245 248 354 216 222 231 447 226 331 
283 136 197 140 290 198 190 210 278 263 175 269 257 254 218 246 248 356 216 221 231 448 229 332 
284 136 198 139 291 198 190 210 279 260 175 269 258 255 219 246 248 357 216 222 231 448 231 332 
284 136 198 139 293 195 191 211 275 218 176 270 259 255 220 246 248 358 216 222 231 449 232 332 
284 135 198 139 295 190 191 211 270 182 176 270 260 255 220 246 248 358 217 221 231 449 233 332 
285 135 198 139 295 191 190 211 271 206 175 270 260 255 220 246 248 358 217 221 231 450 233 334 
286 135 198 138 299 196 181 206 288 256 163 265 260 255 220 246 249 358 215 221 231 450 232 336 
287 133 198 136 311 187 166 195 323 235 131 242 260 255 219 244 247 358 213 221 231 449 232 335 
288 132 198 136 319 173 158 187 344 208 111 220 260 255 218 243 247 360 211 222 231 449 231 336 
288 130 198 135 329 164 148 176 363 181 94 188 260 256 217 243 247 360 211 225 231 450 229 339 
288 129 196 134 333 150 141 162 370 158 90 166 259 257 215 243 247 360 211 226 231 450 228 338 
288 128 196 132 335 136 139 145 382 141 88 142 258 256 214 242 247 361 210 225 231 451 227 339 
287 126 196 128 338 130 137 134 389 130 82 125 257 256 214 242 247 361 210 226 231 451 227 340 
287 125 196 128 347 128 132 130 405 125 75 117 257 255 214 242 247 361 210 227 231 452 227 342 
287 125 196 127 351 129 128 130 411 126 69 118 258 254 214 242 247 361 210 227 231 452 227 342 
287 125 196 128 352 130 128 130 411 126 67 119 258 254 214 242 248 359 211 227 232 451 227 341 
287 125 196 127 354 130 127 131 416 127 65 121 259 253 214 241 248 358 212 227 232 451 228 341 
288 125 196 127 353 130 126 130 416 127 65 121 260 251 215 240 248 356 213 227 232 451 230 338 
289 124 196 127 354 130 126 129 418 126 65 119 261 251 216 240 248 356 214 226 232 451 231 337 
289 124 196 127 354 131 125 130 415 127 64 119 261 251 217 240 249 355 214 225 232 452 231 336 
289 124 196 127 354 131 125 130 417 127 65 119 261 251 217 241 249 355 215 225 232 452 232 336 
289 124 196 128 354 132 125 130 415 128 65 119 261 251 218 241 249 356 215 225 232 452 232 335 
289 124 195 128 353 132 125 130 414 129 64 119 261 250 218 240 249 356 215 225 232 452 232 334 
289 124 195 127 353 133 124 130 412 130 63 119 260 250 217 240 249 356 215 227 232 452 232 335 
289 124 195 127 352 133 124 129 412 130 63 118 259 250 216 240 249 356 215 228 232 452 231 335 
288 124 195 127 352 133 124 129 412 131 63 118 259 250 216 240 249 356 215 230 232 452 231 335 
288 124 195 127 352 133 125 129 412 131 64 119 259 250 215 240 249 356 214 230 232 452 230 336 
288 124 195 127 352 133 124 129 412 131 63 119 258 250 215 240 249 357 214 231 232 452 230 337 
288 124 195 127 352 133 124 129 412 132 63 119 258 250 214 240 249 357 215 233 232 453 230 338 
288 124 195 127 352 134 124 129 412 132 64 118 258 250 214 240 249 357 215 232 232 453 230 339 
288 124 194 127 352 134 124 129 412 132 64 118 258 250 214 240 248 357 215 232 232 453 230 339 
287 124 194 127 352 134 124 129 412 132 64 118 258 250 214 240 248 358 215 233 232 453 230 339 
287 124 193 127 352 135 124 129 412 132 63 118 258 250 214 240 248 359 215 235 232 454 230 340 
286 124 192 127 352 136 123 129 411 134 63 118 257 250 213 240 247 359 215 236 232 455 229 341 
285 124 192 127 351 136 123 129 409 134 63 118 256 250 213 241 247 359 215 238 232 455 229 342 
284 125 191 127 350 137 123 130 408 134 63 118 256 252 213 243 247 359 215 240 232 455 229 343 
284 125 191 127 349 137 123 131 408 134 63 119 256 252 213 244 246 359 216 244 232 456 229 343 
284 125 191 127 348 137 123 132 407 134 63 119 256 252 213 244 246 359 216 243 232 456 229 343 
284 125 191 127 348 139 123 133 406 134 63 120 256 255 213 245 246 360 216 243 232 456 229 344 
284 126 191 127 348 140 123 133 406 135 63 120 256 255 213 245 247 361 215 242 232 456 229 344 
284 126 191 127 348 142 124 133 406 137 64 120 256 256 213 245 247 361 214 239 232 456 228 344 
285 126 191 128 348 143 124 133 406 138 65 119 256 256 213 245 247 362 213 239 232 456 227 344 
285 127 191 128 349 144 124 133 407 139 65 120 255 258 212 245 246 362 211 236 232 456 225 344 
285 127 191 128 349 145 124 134 407 141 66 120 254 260 211 245 245 362 209 234 232 457 223 345 
285 127 191 129 349 145 124 135 407 142 66 120 254 260 211 245 245 362 208 233 232 457 223 346 
285 127 191 129 349 145 124 135 406 142 66 120 253 260 211 246 245 362 207 233 232 457 222 347 
286 127 191 129 349 146 124 136 406 143 66 121 253 260 211 246 245 363 207 233 232 457 222 347 
286 128 191 129 349 145 124 136 406 143 66 121 253 260 211 246 245 363 207 233 232 457 222 348 
285 128 191 129 349 145 124 136 406 143 65 121 253 260 211 246 245 362 207 232 232 456 222 348 
285 128 192 129 349 145 125 136 405 143 65 121 253 259 211 246 245 358 209 233 233 453 222 346 
286 128 192 129 350 146 125 136 406 144 66 122 254 258 212 245 245 358 211 233 233 453 222 346 
287 128 193 129 350 146 126 136 406 144 66 122 255 257 213 245 246 356 211 228 233 451 222 342 
287 128 194 129 350 145 126 136 406 144 66 122 256 254 214 244 246 354 213 229 234 451 224 342 
287 128 194 129 350 145 126 136 407 144 66 123 257 253 214 244 246 353 214 232 234 451 225 343 
287 128 194 130 350 145 127 137 407 144 67 124 258 253 215 244 247 352 214 232 234 452 225 343 
287 128 195 130 350 145 130 138 409 144 69 127 258 253 215 243 247 353 214 232 234 452 226 343 
288 128 196 129 351 145 131 138 410 144 70 128 258 252 216 243 248 352 214 232 234 452 226 344 
289 128 196 129 352 145 131 138 410 144 70 129 259 252 216 243 248 351 215 233 234 452 226 344 
289 128 196 129 352 145 131 138 410 144 70 129 260 252 216 243 248 352 216 234 234 452 227 344 
289 128 196 129 352 146 131 139 411 146 70 130 260 255 216 244 248 352 216 232 234 453 227 344 
289 128 197 129 352 146 130 139 411 146 70 131 260 255 216 244 248 352 216 232 234 453 227 343 
289 128 197 129 352 146 130 139 411 146 70 133 260 255 217 244 248 353 216 232 234 453 228 342 
289 128 197 129 352 146 130 140 411 147 70 134 260 255 217 244 248 354 216 232 234 454 229 342 
289 128 197 129 352 146 130 141 411 147 70 135 260 255 216 244 248 354 217 232 234 454 230 342 
289 128 197 129 352 147 130 141 411 148 70 136 260 255 216 244 248 354 217 232 234 454 230 342 
289 128 197 130 353 147 130 142 411 148 69 136 260 255 216 244 248 354 217 233 234 454 230 342 
289 128 197 130 353 147 130 142 411 149 69 136 260 253 216 243 248 354 217 236 234 454 230 343 
289 128 196 130 352 147 130 142 410 149 69 136 260 253 216 243 249 354 217 237 234 455 230 344 
289 128 196 130 352 147 130 142 409 149 69 136 260 255 216 243 248 355 216 239 234 455 229 345 
289 128 196 130 352 147 129 142 409 149 69 136 259 255 215 243 248 355 216 240 234 455 229 345 
288 127 196 130 351 147 129 142 409 148 68 136 258 255 214 243 248 357 216 239 234 455 229 347 
288 127 196 130 351 147 129 142 409 148 68 135 258 256 214 243 248 357 215 239 234 455 228 348 
288 127 195 130 351 147 129 140 409 148 67 135 258 254 214 243 248 357 215 239 234 456 229 348 
288 127 195 129 351 146 129 138 409 147 67 131 257 254 214 243 246 356 215 239 234 455 229 348 
288 127 195 129 350 145 129 137 409 146 67 128 257 254 213 243 246 356 215 237 234 455 229 347 
287 126 195 129 350 144 129 136 409 145 67 127 257 254 213 243 246 356 215 238 234 456 229 348 
287 126 195 129 350 143 129 136 408 144 67 127 257 256 213 243 246 358 215 238 234 457 228 349 
287 126 195 128 349 143 129 136 408 143 68 126 258 256 213 243 247 358 215 239 234 457 228 350 
288 125 196 128 349 143 130 136 408 144 68 126 258 256 214 243 247 358 214 239 234 457 228 350 
288 125 196 128 349 143 130 136 408 144 68 126 258 256 214 243 247 359 214 238 234 457 228 350 
288 125 196 128 349 143 130 136 408 143 68 127 258 256 214 243 247 359 214 238 234 456 227 350 
288 125 196 128 350 143 130 136 408 143 68 127 258 257 214 243 247 359 214 239 234 456 226 351 
289 125 196 128 350 143 130 136 409 143 68 128 257 259 214 244 247 361 213 239 234 455 225 351 
289 125 197 128 350 143 131 136 408 143 69 129 257 259 214 244 246 361 213 238 234 455 223 350 
289 125 197 128 351 143 131 136 409 143 69 128 257 259 214 244 246 361 213 239 234 455 222 350 
290 125 198 127 353 143 132 136 410 143 70 127 257 259 214 244 246 360 214 242 234 455 221 350 
291 125 199 127 354 143 133 135 411 143 70 127 258 257 214 244 246 359 214 242 234 454 221 350 
291 125 199 127 354 143 134 135 411 143 70 126 258 256 214 243 246 357 215 244 234 454 220 350 
292 125 199 127 354 143 134 135 411 143 71 126 258 256 214 243 246 357 215 244 234 454 220 350 
292 126 199 127 354 144 134 135 411 143 71 126 259 254 215 242 247 357 215 244 234 454 221 350 
292 126 199 127 355 144 134 135 411 144 71 126 260 254 215 242 247 357 215 241 234 454 221 350 
292 126 199 127 355 145 134 135 411 144 72 125 260 254 215 242 247 357 215 240 234 455 222 350 
292 126 199 127 355 145 134 135 412 145 72 125 260 255 215 242 247 359 215 239 234 455 222 350 
293 127 200 127 357 147 133 135 415 146 72 125 260 257 215 243 247 360 215 239 234 456 223 350 
293 127 200 127 357 147 134 136 415 147 72 125 260 257 216 243 247 359 215 239 235 455 223 350 
294 127 200 127 358 147 134 135 415 148 72 125 260 257 216 243 248 358 215 238 235 455 223 350 
294 128 201 127 358 147 134 135 416 149 73 125 261 257 216 243 248 358 215 238 235 455 223 350 
294 128 201 127 358 148 134 135 416 149 73 124 261 257 216 243 248 359 215 239 235 456 223 351 
294 128 201 127 358 148 135 135 416 151 73 124 260 257 216 243 248 359 215 240 235 456 223 352 
294 128 201 127 358 149 135 135 416 152 73 124 260 257 216 243 248 359 215 240 234 456 223 353 
294 128 201 127 358 150 135 135 415 153 73 123 260 258 216 244 248 360 215 244 235 456 223 359 
294 128 201 127 358 150 135 135 414 153 73 123 260 258 216 244 248 360 215 244 235 456 223 360 
294 128 201 127 358 150 135 135 414 153 73 124 260 258 215 245 247 360 215 245 235 456 223 360 
294 128 201 127 358 150 135 135 415 154 73 124 260 259 215 245 247 361 215 245 235 456 223 361 
294 128 201 127 358 150 135 135 415 154 73 124 260 258 215 245 247 361 215 245 235 456 223 360 
294 128 201 127 358 151 135 134 414 154 73 123 260 258 215 245 247 362 215 245 235 456 223 360 
294 128 201 126 358 151 135 132 414 155 73 118 260 258 216 244 250 361 215 247 235 456 222 361 
294 129 201 126 358 151 135 132 415 157 73 117 260 257 215 244 252 361 215 251 235 456 222 362 
292 156 200 152 356 173 133 151 415 179 74 124 258 272 213 259 252 370 217 276 234 455 220 379 
287 153 198 150 351 166 130 148 411 171 73 112 256 270 212 259 252 369 220 287 233 455 215 387 
286 150 197 146 350 159 128 142 410 150 73 103 256 272 211 259 252 369 220 283 232 455 212 389 
279 106 191 102 345 102 122 89 400 85 75 53 255 241 209 236 251 340 213 309 235 432 208 402 
269 92 184 87 333 90 115 71 382 72 75 31 255 224 207 230 256 309 206 326 243 366 209 429 
262 107 178 101 325 110 109 87 378 94 80 42 254 237 206 244 251 269 207 365 253 319 219 449 
259 134 175 131 325 125 112 93 382 100 88 56 245 241 202 261 252 203 208 367 250 309 222 448 
262 137 174 134 329 136 114 99 387 128 86 59 246 244 202 260 263 253 209 358 258 307 226 448 
262 136 174 133 329 140 114 96 389 139 75 55 244 241 200 258 261 270 211 356 258 321 228 449 
261 135 173 125 330 141 113 90 390 143 69 48 244 235 199 250 254 277 211 352 258 323 228 447 
260 133 173 121 330 140 113 89 390 141 66 50 244 232 199 243 249 282 212 348 256 338 228 445 
259 130 172 119 330 137 111 90 389 140 60 53 241 231 196 242 249 284 210 346 255 331 227 443 
258 128 170 119 328 135 105 92 387 138 51 56 240 229 195 241 247 261 208 345 254 319 227 442 
257 126 169 120 328 133 101 93 386 136 47 57 237 231 193 242 242 250 207 344 251 310 227 441 
255 125 167 120 326 132 99 96 384 135 43 62 237 230 193 241 239 230 204 344 249 319 226 442 
252 125 165 120 318 132 98 107 377 135 41 73 237 226 193 239 239 232 201 343 247 325 223 443 
249 126 162 129 317 130 97 125 377 128 39 95 238 228 194 240 240 216 200 348 246 323 220 444 
248 126 161 133 314 130 98 132 374 127 41 104 238 228 194 241 241 215 200 348 246 323 219 443 
249 127 161 139 316 127 98 146 376 119 42 124 240 229 195 247 242 210 200 350 249 317 219 443 
250 127 162 138 318 126 99 146 376 117 43 129 241 229 197 247 243 206 210 349 250 311 221 443 
250 126 162 137 318 126 99 142 376 119 44 125 243 230 198 247 243 218 212 346 250 318 222 443 
253 126 166 135 318 127 102 138 377 121 44 121 244 230 199 247 249 243 212 345 250 332 222 442 
254 125 169 132 320 127 106 136 379 124 45 118 245 230 200 247 249 242 213 345 250 335 222 442 
257 125 171 129 322 130 107 135 380 126 47 115 246 234 201 248 252 273 216 345 251 338 222 442 
259 125 173 128 324 132 108 133 383 130 47 115 247 234 202 248 251 248 218 345 251 338 224 442 
263 125 175 126 327 136 109 129 385 134 48 110 248 239 204 249 254 281 221 345 251 349 225 445 
266 126 177 124 331 141 110 120 389 141 48 98 250 241 205 250 259 280 222 347 251 353 226 446 
266 126 180 124 332 146 111 115 390 148 48 93 252 242 207 251 261 296 221 350 251 357 226 447 
267 128 180 122 332 151 111 107 389 157 49 82 252 243 207 252 259 313 220 351 251 365 226 447 
270 131 182 122 333 155 113 103 390 159 52 77 253 242 208 250 261 308 221 351 254 367 232 447 
272 136 184 122 333 163 115 105 391 171 56 74 253 246 209 255 262 305 223 357 254 368 232 450 
273 139 185 124 332 167 116 106 391 177 58 75 254 245 210 254 262 300 224 357 259 371 232 450 
273 138 186 121 332 169 121 97 391 173 72 60 254 251 210 257 263 337 227 359 260 381 232 451 
273 138 186 120 334 169 122 93 391 170 75 54 254 253 210 258 263 338 227 361 260 382 233 451 
273 138 187 117 336 165 124 91 395 167 76 51 253 252 209 258 265 332 227 361 261 383 233 451 
274 137 188 115 339 165 124 89 398 165 74 51 253 251 209 257 265 328 226 360 262 385 234 450 
274 137 188 115 341 163 124 91 399 169 74 53 254 252 209 257 265 335 227 360 262 383 233 450 
274 137 188 114 340 165 125 92 399 181 75 56 253 251 209 257 264 328 227 358 261 383 233 450 
274 137 188 113 339 167 126 89 398 187 77 51 253 251 208 257 267 326 223 360 253 382 233 449 
274 137 189 112 339 166 126 87 398 184 77 48 252 251 208 256 266 325 222 359 251 381 233 449 
275 137 189 112 341 166 126 89 400 180 76 51 252 251 208 256 262 328 220 359 250 376 233 449 
275 135 189 113 341 162 120 90 400 178 65 56 253 248 208 254 262 323 218 359 253 361 233 449 
275 133 188 115 341 156 116 96 400 171 57 69 254 244 208 253 259 260 218 356 255 356 233 450 
275 132 187 117 342 153 112 102 400 166 50 76 254 240 208 251 256 240 218 353 258 349 233 449 
272 130 183 119 341 150 110 109 398 163 49 85 254 235 207 249 255 234 217 352 263 340 233 448 
271 129 181 120 341 149 110 112 397 161 48 88 254 235 207 248 255 240 218 351 265 335 233 448 
269 128 179 121 338 147 107 116 394 159 44 94 254 233 207 247 255 228 218 351 268 331 232 448 
267 126 178 122 335 143 107 121 392 154 45 103 254 232 207 246 256 229 217 351 271 333 232 447 
266 125 176 124 334 140 106 124 392 151 44 108 255 233 207 247 256 235 218 351 269 330 232 446 
266 123 176 125 334 139 107 126 391 151 45 111 256 234 208 246 256 236 218 351 269 334 232 445 
266 123 174 125 334 140 104 128 391 151 44 113 255 234 207 247 257 228 218 351 268 333 233 445 
265 122 174 125 333 139 104 128 391 150 43 115 255 233 207 247 257 227 218 351 268 330 233 444 
265 122 174 125 334 139 103 129 392 149 42 116 254 233 206 247 257 232 218 350 267 330 234 444 
266 122 174 125 334 139 104 129 392 148 42 116 254 234 206 248 256 235 218 351 268 330 234 444 
266 123 174 125 334 140 104 128 393 149 42 115 253 234 205 248 256 236 218 351 268 332 234 445 
266 123 174 125 334 142 104 128 393 151 43 114 253 234 205 248 255 229 218 351 269 329 234 445 
267 123 175 125 335 144 104 127 393 153 43 113 253 234 204 249 255 228 218 351 272 327 234 445 
268 124 175 125 335 145 105 127 393 154 43 112 253 234 204 250 255 228 218 351 273 328 234 444 
269 124 175 125 335 146 105 126 393 155 43 112 253 234 204 250 255 226 218 351 274 329 234 445 
269 124 176 125 335 146 105 126 394 155 43 111 253 234 204 250 255 227 218 350 274 328 234 444 
268 125 176 125 335 144 105 126 394 151 43 111 253 235 206 250 256 228 218 350 274 334 234 444 
268 125 176 124 335 142 105 126 394 148 44 111 254 235 207 250 257 231 218 350 274 342 234 444 
268 126 176 124 335 142 106 126 394 146 45 112 255 236 208 251 259 235 218 350 272 345 234 444 
267 126 178 124 335 143 106 126 394 147 45 112 255 237 209 251 261 237 219 350 272 343 234 444 
267 127 178 124 335 143 107 125 394 147 46 112 256 237 210 250 266 247 219 350 274 345 234 444 
267 127 178 122 335 143 107 123 394 148 46 112 256 238 210 251 265 246 220 350 270 344 234 444 
266 127 178 121 335 143 107 122 394 148 46 111 255 239 208 251 264 286 218 350 268 351 234 445 
265 127 178 119 335 142 106 121 394 148 44 110 255 239 208 251 264 284 218 350 266 353 234 446 
265 127 178 119 334 142 106 121 394 148 43 110 254 241 207 252 262 273 217 351 263 356 234 447 
265 127 178 119 334 142 107 121 394 148 43 110 253 241 207 252 264 275 216 352 261 360 234 447 
265 127 178 119 334 142 107 121 394 149 43 110 253 241 207 252 265 281 217 352 260 361 234 448 
265 126 178 119 335 142 107 121 394 149 43 110 254 241 207 252 267 291 217 353 259 363 234 449 
265 126 178 119 335 141 108 121 394 149 43 110 254 242 207 252 267 282 217 354 259 362 234 450 
265 126 178 120 335 141 108 121 394 148 43 110 254 242 207 252 267 278 217 355 259 361 234 450 
265 125 178 121 335 140 108 122 394 148 43 111 254 240 207 252 261 264 216 354 259 353 234 450 
265 125 178 121 335 140 107 122 393 148 43 112 254 240 207 252 258 251 217 354 260 350 234 450 
266 124 178 121 335 140 107 122 394 148 44 112 254 240 207 251 257 251 216 353 260 350 234 450 
266 124 178 121 335 140 107 123 394 148 43 112 254 240 207 251 261 274 216 353 259 353 234 450 
266 124 178 121 335 139 107 122 394 148 43 111 255 240 207 252 265 288 216 353 259 353 234 449 
265 124 177 121 335 139 107 122 394 148 43 109 255 240 207 252 265 290 216 353 259 353 234 449 
265 124 177 121 335 139 107 122 394 148 43 109 254 241 207 252 265 290 216 353 259 354 234 449 
265 124 176 121 335 139 107 122 394 148 43 109 254 241 207 252 265 289 216 354 258 358 234 449 
265 124 176 121 335 139 107 122 394 149 42 109 254 241 207 252 266 288 216 354 259 362 234 448 
265 124 176 121 335 139 106 122 394 148 41 109 254 241 206 251 268 290 216 352 260 361 234 448 
265 124 176 121 335 139 106 122 394 148 41 109 254 241 206 251 268 288 216 351 261 359 234 447 
265 124 175 121 335 139 105 122 394 148 40 109 254 241 206 251 268 287 215 351 263 357 234 447 
265 124 175 121 335 139 105 122 394 148 40 109 254 241 206 252 268 286 215 352 263 358 234 447 
265 124 175 121 335 139 105 122 395 148 41 109 254 241 206 252 268 285 215 351 263 358 234 447 
265 124 175 121 336 139 105 122 396 149 41 109 254 241 206 252 262 265 215 351 263 358 233 447 
265 124 175 121 335 140 105 122 396 149 41 109 254 241 206 251 264 272 215 351 263 359 233 447 
265 124 175 122 335 140 105 122 396 149 42 108 254 241 206 251 265 273 215 350 263 359 233 446 
265 124 175 122 336 140 105 122 396 149 42 108 254 240 205 251 257 252 215 349 263 351 234 446 
265 124 175 122 336 141 106 122 396 150 42 108 254 239 205 251 253 241 215 349 263 350 233 446 
266 124 176 123 336 141 106 122 396 151 43 109 254 239 205 251 251 240 215 350 262 348 233 447 
267 124 176 123 336 143 106 123 396 152 43 109 254 241 205 251 251 248 215 351 262 347 233 445 
267 125 176 123 336 145 106 124 396 153 44 110 254 242 205 252 250 250 215 352 262 343 233 445 
268 125 176 123 337 146 106 125 397 153 46 110 254 242 205 252 251 266 215 352 265 340 233 444 
269 125 177 123 337 147 107 125 397 153 47 110 254 242 205 252 251 258 215 352 266 339 233 444 
271 126 177 124 338 147 108 125 398 153 47 110 255 243 205 253 251 249 215 352 266 340 233 444 
271 126 178 124 339 147 109 126 399 151 49 110 255 243 205 253 250 269 215 352 267 341 233 444 
271 126 178 124 339 147 109 126 399 148 50 106 255 244 205 253 250 267 215 352 267 346 232 444 
271 126 179 124 339 147 110 126 399 148 51 105 254 244 205 253 250 294 215 352 260 356 231 443 
271 126 180 124 339 147 110 127 399 148 52 106 254 244 205 253 252 284 215 352 258 359 230 443 
271 126 180 124 339 149 110 130 399 153 51 111 254 248 205 254 253 311 215 353 256 387 229 443 
272 126 180 124 338 153 112 135 396 162 52 123 253 252 206 256 259 332 214 355 256 414 229 443 
272 125 180 125 332 158 116 147 389 173 54 142 253 251 206 256 258 333 214 356 257 424 229 446 
272 124 181 126 324 162 123 159 381 185 61 167 253 251 206 255 258 348 214 357 257 433 229 447 
273 122 183 126 319 166 131 172 367 201 76 194 255 252 208 254 258 356 214 358 256 452 229 451 
275 121 188 127 315 173 148 183 353 220 99 223 257 258 212 256 259 361 218 362 254 456 230 454 
276 120 190 127 310 175 155 187 348 226 108 232 259 259 213 257 259 360 221 361 254 457 230 455 
277 121 194 127 306 185 171 196 332 244 142 257 262 260 214 258 259 362 223 364 252 456 232 456 
280 121 197 127 299 190 186 201 307 258 177 264 266 261 217 260 259 363 224 364 252 455 233 456 
281 121 201 127 295 185 197 200 270 203 196 267 267 261 219 260 260 362 224 364 252 457 233 457 
284 123 202 127 294 190 198 201 290 263 198 269 269 265 221 263 262 364 224 366 252 458 233 457 
287 123 204 127 296 186 197 202 274 184 194 268 270 264 223 262 262 363 225 366 252 459 233 457 
289 125 205 128 297 189 199 201 289 255 191 266 271 264 224 262 262 364 226 365 252 457 233 457 
293 126 207 128 298 197 198 200 292 267 191 265 273 267 225 263 262 365 227 365 252 457 234 457 
294 127 208 128 302 193 192 198 299 260 186 259 272 266 224 263 262 365 227 365 252 456 234 457 
295 127 211 126 311 167 189 173 320 203 177 198 272 263 225 259 262 364 227 365 252 457 234 457 
295 124 213 122 325 159 178 151 330 138 173 132 272 258 226 255 262 362 227 363 251 456 234 457 
294 120 215 117 339 137 168 121 342 88 171 69 273 252 227 251 262 362 227 362 251 455 235 457 
294 121 215 118 338 118 169 105 340 64 171 48 273 253 227 252 262 363 227 362 251 456 235 457 
294 121 216 118 336 111 170 103 337 57 171 45 273 254 227 252 262 363 227 362 251 456 235 457 
294 121 216 118 333 109 171 107 335 58 172 56 273 254 228 252 262 363 227 362 251 456 235 457 
293 121 216 119 331 108 171 113 333 58 172 63 273 254 227 252 262 363 227 362 251 458 235 457 
293 121 216 122 316 111 186 148 330 62 171 169 273 254 227 252 262 363 227 362 252 457 235 457 
292 122 216 125 314 108 189 163 327 62 170 195 272 254 227 252 262 363 227 362 252 457 235 457 
291 122 216 130 311 105 194 195 325 58 173 258 272 254 227 252 262 363 228 363 252 458 235 457 
290 121 216 130 309 107 201 191 324 63 179 244 272 254 227 252 262 363 228 363 252 458 236 457 
287 119 217 130 306 105 205 179 323 61 183 214 271 254 227 250 262 363 228 363 252 459 236 457 
282 116 221 123 300 97 216 160 321 47 201 165 270 255 227 250 262 363 227 363 252 459 236 456 
281 113 220 123 298 89 221 167 317 43 219 229 270 255 227 251 262 364 227 363 252 459 235 456 
281 111 220 123 296 89 224 168 314 41 226 228 269 256 227 251 262 364 226 362 253 460 235 456 
281 112 220 122 297 90 217 158 314 41 212 150 269 258 226 252 263 365 226 363 253 459 235 455 
281 112 218 122 296 92 209 155 315 48 192 151 269 258 226 253 263 365 226 363 253 459 235 455 
283 113 218 122 318 95 197 163 311 106 168 190 269 254 226 250 263 364 226 362 253 459 235 455 
291 120 216 126 315 171 190 192 307 171 164 252 268 258 223 253 263 365 226 364 253 459 235 456 
294 129 214 127 308 193 193 195 298 257 170 255 264 260 218 254 258 364 226 364 252 456 235 456 
294 131 212 124 293 188 203 189 268 225 208 231 263 259 217 252 255 363 222 364 252 456 233 456 
293 130 212 119 295 175 204 145 277 191 211 161 262 258 217 252 255 361 221 364 252 453 233 456 
287 129 216 115 285 186 213 121 257 211 216 92 261 258 217 252 256 361 221 365 251 454 231 458 
286 128 217 112 260 143 218 103 228 75 218 53 261 256 217 252 256 361 221 365 251 454 232 460 
285 128 218 111 260 142 219 93 228 90 218 43 261 255 217 252 258 359 221 365 251 452 232 460 
285 126 219 109 263 140 220 100 227 82 215 46 262 255 217 252 260 359 221 365 252 450 232 460 
284 126 219 109 259 153 219 101 232 88 214 45 262 255 218 253 261 357 221 365 253 446 232 460 
284 126 219 110 265 178 219 100 247 226 213 43 262 255 218 253 262 357 221 365 254 446 232 460 
284 126 218 109 267 182 214 102 255 232 210 47 262 255 218 253 263 357 222 365 254 446 232 460 
285 126 217 109 267 183 211 96 260 234 204 47 262 254 219 253 263 357 222 366 255 447 232 460 
284 125 216 109 268 182 206 99 264 240 200 54 262 252 219 253 263 357 222 366 254 447 233 461 
283 125 211 110 268 182 200 102 266 236 192 58 261 251 217 251 261 358 222 366 253 451 233 460 
282 125 208 112 269 182 190 138 265 235 188 84 259 253 214 252 257 360 220 367 252 454 232 460 
280 123 202 114 270 177 188 146 252 164 189 124 257 252 213 251 255 360 219 367 252 455 232 460 
278 121 201 115 275 163 188 147 250 137 190 129 256 252 212 252 255 360 218 367 252 456 231 460 
276 121 197 116 287 164 181 174 256 151 191 152 257 251 212 252 255 360 218 367 253 459 231 460 
277 121 197 118 291 167 184 174 258 153 181 221 258 251 212 252 260 360 218 368 258 463 231 459 
288 122 199 121 298 181 186 199 301 264 180 270 263 255 213 257 263 367 219 370 260 466 230 458 
296 120 201 121 310 179 187 196 320 240 178 267 268 255 216 256 264 366 217 370 261 465 229 442 
298 113 204 118 319 158 190 184 329 176 180 243 273 255 220 256 267 366 217 363 262 464 228 437 
297 104 208 111 319 124 197 177 324 121 185 225 272 255 220 252 266 365 217 363 261 464 225 450 
296 103 208 108 324 104 199 173 348 70 194 224 272 255 220 250 266 366 216 364 261 463 214 462 
295 103 207 108 324 95 199 171 345 58 196 223 272 255 220 250 266 370 215 371 260 466 213 471 
293 98 203 108 324 85 199 170 343 53 196 223 272 254 219 250 266 370 214 376 260 468 214 473 
290 96 201 107 323 83 198 169 344 45 195 226 272 253 218 248 266 370 213 376 260 467 215 474 
289 96 200 107 322 85 198 169 345 40 192 228 270 248 215 243 265 368 213 375 260 467 216 474 
288 96 199 107 323 83 197 169 343 45 190 230 269 248 214 244 265 369 213 378 260 468 216 475 
288 96 198 107 322 86 197 169 339 51 190 232 269 248 213 244 263 369 213 378 259 468 217 475 
289 95 199 107 326 80 196 168 343 44 189 228 269 247 213 242 263 369 213 377 259 468 217 474 
289 95 199 106 324 81 196 167 341 49 187 226 269 247 212 242 263 369 213 377 259 468 217 474 
289 94 198 106 324 84 195 167 339 53 187 225 268 247 212 242 263 369 213 376 259 468 217 473 
289 94 198 106 324 88 195 167 338 57 185 225 268 249 212 242 263 373 213 378 259 469 217 473 
290 95 198 106 325 88 194 168 340 65 185 228 269 250 212 243 263 373 213 379 259 470 217 474 
293 95 199 106 331 103 193 171 328 107 180 233 269 250 212 243 264 373 213 379 259 470 217 474 
297 99 199 106 329 137 188 184 331 158 174 253 270 256 212 249 264 377 213 382 259 473 217 475 
301 104 199 106 324 172 185 192 336 238 169 267 271 259 213 255 264 380 214 385 259 473 219 477 
303 111 200 106 319 193 186 188 325 275 171 261 274 263 214 259 266 387 214 387 259 475 219 478 
302 111 201 105 317 171 186 180 293 263 177 223 273 262 214 257 266 384 214 386 258 474 218 478 
301 110 207 100 311 156 190 143 286 217 191 135 273 259 215 256 265 383 214 386 258 474 218 478 
301 110 210 96 309 154 200 107 284 156 204 106 273 256 218 255 265 382 214 385 258 474 218 478 
301 108 216 94 305 151 206 110 257 110 205 62 273 251 219 251 265 380 214 385 258 474 218 478 
300 107 219 92 305 148 210 113 245 97 206 56 273 251 219 250 265 380 214 385 257 477 218 479 
302 105 219 93 299 148 210 111 241 94 205 53 273 251 219 250 265 379 214 382 257 476 218 479 
302 105 220 94 301 148 209 106 256 153 205 56 273 251 219 249 265 378 215 377 257 476 218 478 
305 105 220 94 302 155 209 112 256 179 203 58 273 253 220 251 265 379 215 377 257 476 218 478 
305 106 220 94 303 154 208 108 259 163 199 64 273 254 220 251 265 379 215 378 256 475 218 478 
307 107 220 95 302 153 206 106 258 160 190 59 273 259 220 254 265 380 215 380 256 476 217 479 
307 106 220 95 302 152 204 107 259 154 186 61 274 260 220 255 267 381 215 381 258 477 217 479 
307 106 219 95 310 153 200 104 264 149 182 64 275 259 221 255 267 381 214 382 258 477 217 479 
307 107 218 95 313 165 197 107 275 203 176 68 277 259 221 255 269 381 215 383 259 476 217 479 
307 108 214 96 315 176 192 108 317 258 174 77 277 259 221 255 269 381 215 383 259 475 217 479 
307 109 211 96 316 184 190 109 325 268 172 85 277 260 220 255 269 381 215 383 258 473 217 478 
304 108 208 96 319 177 185 114 340 229 167 97 273 257 216 254 266 378 214 379 258 472 217 478 
293 105 201 96 326 152 161 112 363 184 122 95 270 256 214 254 264 376 213 379 258 472 217 478 
288 103 189 96 336 136 129 112 394 152 63 98 268 255 211 254 263 371 210 378 258 472 216 478 
287 103 178 98 355 128 100 113 431 144 24 117 263 259 206 260 263 377 209 388 257 472 217 481 
287 101 172 99 362 121 90 117 444 139 -3 125 262 260 203 262 261 380 207 395 257 474 217 486 
288 99 173 99 369 117 92 118 453 136 1 129 262 263 203 264 261 385 205 397 262 476 215 489 
289 97 176 98 374 117 93 121 458 135 2 138 263 266 203 265 265 389 205 397 268 477 215 492 
297 96 178 97 376 124 98 127 459 135 11 137 266 267 204 265 269 394 206 399 267 489 219 505 
305 94 179 95 378 125 109 137 450 134 29 135 273 266 209 265 273 393 210 398 267 489 220 502 
317 94 191 94 382 141 118 150 446 128 40 131 280 268 215 264 277 399 213 397 266 494 220 488 
322 94 200 94 380 153 133 156 434 125 78 129 284 268 220 263 278 398 213 397 267 493 221 481 
323 94 204 94 378 162 141 162 419 117 106 117 285 268 221 263 278 399 215 397 267 496 222 497 
325 94 207 93 378 166 145 164 406 115 113 111 286 269 222 263 278 400 215 398 267 497 222 500 
322 94 205 92 376 171 145 171 375 116 134 108 285 269 222 263 278 403 215 400 265 504 222 500 
321 93 205 90 363 170 159 166 361 121 146 125 284 268 221 263 278 402 215 400 266 501 222 499 
320 92 205 89 350 167 165 162 357 136 150 134 284 268 221 262 279 401 215 400 266 500 222 499 
318 92 205 88 341 165 170 160 342 158 157 168 283 265 221 260 279 401 214 401 266 500 222 498 
314 91 204 88 330 161 177 160 336 209 159 208 283 259 220 255 278 401 214 401 265 499 222 498 
313 91 203 88 325 168 177 173 331 248 163 256 284 259 220 255 278 401 214 401 265 504 223 501 
313 92 201 88 322 181 182 187 322 267 170 274 286 265 220 260 279 403 214 402 268 507 223 506 
313 92 200 89 318 183 183 189 320 270 173 275 286 267 220 263 279 402 215 402 268 508 223 506 
312 92 200 89 318 185 184 188 319 273 175 275 286 267 220 263 279 402 216 403 267 507 224 507 
313 92 200 89 317 188 185 188 321 273 177 274 286 269 221 265 279 402 217 404 267 507 225 509 
314 92 200 90 320 185 185 190 322 273 179 276 287 270 222 266 279 402 217 404 267 507 225 510 
317 92 201 91 322 186 188 189 326 275 181 275 290 271 224 268 281 402 219 403 267 507 225 498 
322 94 205 92 324 191 192 189 328 281 183 272 292 274 226 269 281 402 223 403 269 507 225 494 
325 96 210 92 328 193 195 187 329 283 185 269 293 274 227 268 281 403 226 403 269 497 230 494 
327 96 212 93 330 193 196 187 330 284 187 270 294 274 229 268 283 403 226 402 269 507 230 508 
327 97 211 95 331 192 194 190 328 283 187 275 295 277 229 271 286 404 225 403 275 503 229 507 
327 97 210 95 331 190 194 190 325 279 186 273 295 277 229 271 286 405 225 405 274 503 229 506 
326 97 209 95 327 195 194 191 321 283 185 274 295 276 228 271 286 408 225 407 274 511 227 512 
323 95 205 94 324 194 193 191 319 283 182 275 293 276 225 270 286 408 224 407 275 507 227 512 
317 94 197 92 320 194 185 190 318 283 174 276 286 276 218 270 280 407 220 408 275 506 223 517 
307 91 186 90 313 194 175 190 316 285 165 279 279 275 209 269 278 410 216 408 275 512 221 519 
296 88 177 90 304 193 168 190 312 283 156 281 271 274 203 269 275 410 214 410 272 517 219 525 
289 87 173 90 301 190 163 190 312 283 154 282 269 273 200 269 274 407 213 411 275 507 220 522 
280 84 170 89 301 190 162 190 308 283 158 282 267 270 204 269 270 407 214 412 275 505 225 521 
180 84 262 85 212 196 260 200 183 284 291 281 222 271 239 272 229 411 255 410 231 514 276 522 
232 85 196 85 258 195 225 198 244 283 230 280 241 271 226 272 238 411 246 411 242 510 266 518 
249 84 176 84 283 190 184 194 259 249 208 280 247 271 215 274 264 411 227 414 270 509 247 518 
254 84 169 84 283 179 170 193 269 257 197 279 255 271 207 274 275 410 219 415 280 510 234 519 
255 84 168 84 282 178 169 192 282 261 194 279 260 270 207 274 275 406 219 414 277 497 234 519 
261 84 168 84 284 179 168 192 293 261 192 279 264 270 207 275 276 406 219 415 276 498 234 520 
268 83 171 83 302 179 170 192 299 264 190 281 266 270 208 275 276 407 219 417 276 500 233 522 
273 83 172 83 309 180 170 192 303 268 188 282 266 271 209 276 275 410 219 419 276 507 233 525 
287 80 173 79 310 177 168 188 315 269 176 284 274 266 209 268 278 410 219 419 285 506 226 524 
293 77 175 78 312 173 167 182 323 269 167 283 279 262 209 264 280 409 219 419 284 506 223 524 
298 75 177 77 313 174 168 181 325 272 164 283 282 262 212 264 280 408 220 418 283 506 223 523 
303 74 183 76 320 172 171 180 329 274 167 283 284 262 214 262 281 409 220 418 281 515 222 523 
310 74 187 75 323 170 174 179 328 274 168 281 286 263 215 263 282 410 220 418 280 514 223 525 
312 75 189 75 325 171 176 179 329 274 169 281 289 264 217 263 283 412 220 418 281 514 223 525 
314 74 193 76 327 167 179 179 328 272 171 281 291 264 220 263 285 412 221 418 281 512 224 524 
317 74 195 76 328 168 180 179 331 273 173 280 293 265 222 263 287 412 221 418 280 511 225 524 
317 74 199 76 329 167 184 174 335 268 177 270 293 265 226 262 286 411 222 415 276 506 225 520 
319 74 200 76 334 158 179 171 340 246 177 252 294 265 226 261 286 410 223 414 276 496 227 517 
319 72 202 74 337 139 172 155 353 206 158 213 294 259 227 258 287 408 224 414 276 495 228 517 
322 72 203 73 342 128 166 136 368 173 136 183 294 260 226 258 288 403 224 413 276 487 228 516 
323 71 203 72 349 119 164 122 382 153 124 157 294 260 226 258 289 402 225 413 277 487 228 516 
323 69 202 71 359 118 160 116 395 141 122 134 295 260 226 258 290 403 225 413 278 486 228 516 
323 69 202 69 358 117 160 113 399 139 120 131 295 259 226 258 290 403 225 412 278 487 228 516 
322 68 202 68 356 115 161 111 397 139 120 130 295 259 226 258 290 403 225 411 278 487 228 516 
322 68 202 68 355 114 162 112 396 142 124 130 295 260 226 258 290 403 225 411 278 488 228 517 
323 68 202 68 355 114 162 112 397 143 122 132 295 260 226 258 290 403 225 411 279 488 228 517 
324 68 203 68 356 117 162 115 398 146 123 133 295 260 226 257 290 404 225 411 279 489 227 519 
327 68 206 68 359 119 163 115 399 148 125 132 299 260 229 257 290 406 225 412 278 494 227 519 
332 69 213 69 364 119 171 116 404 148 127 133 302 260 233 257 291 407 229 410 279 495 228 519 
339 72 219 69 372 121 177 118 407 152 140 132 305 263 238 257 291 407 236 410 279 495 231 518 
345 75 223 70 377 123 181 119 408 153 144 135 308 265 242 258 292 407 240 410 279 497 238 518 
